0.7395
0.8485
0.68
0.3205
0.341
0.261
0.38
-0.05575
0.2245
0.25275
0.6005
0.09425
1.85875
0.84
0.75475
0.5315
0.1795
0.4765
0.434
0.9335001
0.60025
0.30125
0.40975
1.367
1.985
0.86575
1.514
0.4675
-0.57725
1.293
1.838
0.8430001
0.55125
-0.389
0.7705001
1.3915
1.40175
1.81575
0.988
1.48175
2.1865
0.7385001
1.02275
-0.03425
0.1645
0.7590001
1.6055
0.43075
0.227
0.9995
1.912
1.6895
1.57675
1.168
1.83925
0.7475001
1.3775
2.3465
1.78
2.2915
2.45675
1.68825
1.28875
0.9547501
1.37375
0.7125
0.9385
0.4575
0.59975
0.42775
0.25725
0.1435
0.00825
0.29175
0.5395
1.1165
1.54925
1.18675
0.14225
0.60025
0.65375
0.77975
0.72025
0.669
0.762
-0.395
-0.26575
-0.39725
0.03475
-0.19725
0.1065
-0.9827501
-0.31375
0.10725
0.0995
0.111
0.283
0.43175
0.5585001
1.161
1.34975
1.2575
0.3415
1.84825
1.69175
1.85575
2.077
1.64375
1.372
1.64625
1.8805
1.78175
1.04175
0.8972501
1.445
1.56425
0.99775
1.011
1.0285
1.05025
1.62075
1.272
1.20275
1.14475
1.11825
1.1965
1.331
1.51325
1.729
1.393
1.036
1.058
1.142
1.01525
0.6982501
0.62225
1.63225
0.684
0.6825
1.2255
1.29775
0.6350001
0.341
0.23275
0.58375
0.4535
0.7565001
0.211
0.5642501
1.1795
0.7195
1.23975
0.8355001
0.5305001
2.38925
1.962
0.5545
0.44625
0.71575
0.9975001
0.63625
0.75725
0.7912501
0.8635001
0.656
1.4175
0.6465001
0.8285
1.05475
0.46225
1.3435
1.33675
0.72425
1.384
0.8617501
1.228
2.615
1.05825
1.35825
1.39425
1.8595
1.61425
1.254
1.71075
1.363
0.141
1.804
1.0775
1.137
1.488
1.422
1.4305
1.643
1.737
1.58625
1.39075
1.52025
-0.9235001
1.1635
1.49425
1.8035
2.6595
0.878
1.30675
1.5605
1.169
1.3295
1.28925
0.83575
1.89725
2.478
1.1085
0.23
1.37925
0.93375
1.85425
0.9787501
1.395
1.30825
2.07725
1.00525
1.35125
1.95175
2.14125
1.64225
1.93625
1.25075
0.97575
0.6325001
0.689
1.533
2.50375
0.61075
0.21475
1.031
0.65375
0.8675001
1.58675
1.10475
1.8005
1.8175
0.6445
1.83725
0.7995
0.72925
0.21725
0.333
1.325
1.67175
1.96025
1.81475
1.6365
1.5975
1.303
2.02125
1.18875
1.773
0.93025
1.46875
1.11975
0.4005
1.51075
1.1735
2.2305
0.637
1.42075
1.2365
2.2205
0.285
1.189
1.8765
1.17575
1.48275
1.52875
1.5515
2.0485
2.2815
1.4825
1.78925
1.55025
1.86025
1.215
1.50375
1.492
1.62375
1.393
1.43675
1.388
1.47275
1.19875
1.4355
1.50125
1.59725
1.74075
1.728
1.62575
1.327
1.17925
1.871
1.5425
1.96925
1.771
1.83775
1.664
1.2175
1.58775
1.82175
2.04425
1.92525
1.82975
2.051
0.92625
1.34775
0.5617501
1.18875
-0.0315
0.033
0.374
0.0725
1.0545
0.5272501
0.0915
0.27975
0.17375
-0.33625
-0.34825
-0.58125
0.7970001
0.28175
0.165
-0.124
0.0095
0.51175
0.67875
0.55775
0.5527501
0.12275
1.97775
0.459
-0.567
-0.82125
0.333
1.52875
-0.99225
-1.067
-1.05325
-1.19075
-1.05675
-1.01275
-0.4095
-0.40175
-0.6855
-0.514
-0.9030001
-0.5345
-0.3035
-0.23075
-0.208
-0.11175
-0.17375
0.19275
0.1895
0.0935
-0.07225
0.0445
0.044
1.105
0.89175
0.874
0.634
0.29025
0.50575
0.445
0.05025
0.22475
0.25475
0.282
0.4045
0.18075
0.352
0.40525
0.3765
0.68375
0.5455
0.506
0.3795
0.34575
0.61
0.65975
0.6127501
0.47425
0.6777501
0.8872501
1.13025
1.0205
1.1225
1.08275
1.15425
1.08075
0.9075
1.16025
1.2805
1.155
1.11525
1.24075
0.8930001
0.9710001
0.64175
0.1175
0.2035
0.3875
0.17775
0.111
0.582
0.0495
0.01875
0.33825
0.096
0.739
0.32625
0.1525
0.33025
0.221
0.6385
0.5135
0.8995001
0.56375
0.45625
-0.09375
0.34375
0.247
0.64175
-0.144
0.49
0.6160001
0.7145
0.06925
0.04
0.00325
0.39175
0.83
-0.03625
-0.3065
-0.41225
-0.281
0.823
0.5055
0.9152501
0.9085
0.6145
1.103
0.8945
0.6695001
0.5605
0.562
0.67425
0.8665
0.58825
0.265
0.24225
-0.03125
0.102
0.17275
0.49325
0.21025
0.397
0.3845
0.41625
0.0855
-0.60425
-0.5272501
-0.656
-0.45525
-0.30075
-0.5435
-0.62525
-0.58075
-0.64375
-0.8980001
-0.733
-0.60425
-0.46125
-0.49575
-0.4015
-0.4725
-0.59025
-0.84925
-1.0925
-0.7025
-0.24575
-0.887
-0.78825
-0.6565
-0.31975
-0.23625
-0.2525
-0.2465
-0.0
-0.84175
-1.04875
-0.3755
-0.36675
-0.39525
-0.754
-0.9365001
-1.09175
-0.7555
-0.3155
-0.35025
-0.44275
-0.28825
-0.4595
-0.351
-0.57075
-0.323
-0.34425
-0.535
-0.50575
-0.49825
-0.331
-0.50975
-0.5272501
-0.4445
-0.5825
-0.391
-0.30175
-0.4145
-0.36875
-0.6
-0.7162501
-0.91425
-0.79425
-0.70825
-0.477
-0.6425
-0.31525
-0.4735
-0.6125
-0.8512501
-0.9070001
-0.9137501
-0.9532501
-0.9155
-0.7392501
-0.8695
-0.8525
-0.687
-0.7097501
-0.73425
-0.6935
-0.9155
-0.91975
-1.15325
-1.399
-0.8190001
-0.5585001
-0.831
-0.25625
-0.9985
-1.38425
-0.9355
-0.978
-0.7657501
-0.56575
-0.8225001
-1.353
-0.717
-1.2395
-1.311
-0.9495
-1.0385
-1.414
-1.7835
-1.9095
-1.728
-1.64275
-1.768
-1.77625
-1.6305
-1.6425
-1.771
-1.64575
-1.487
-1.5295
-1.5805
-1.08375
-0.54375
-0.33225
-0.2585
-0.11625
-0.453
-0.51975
-0.554
-0.7212501
-0.62225
-0.8385
-0.78325
-0.82625
-0.9725
-1.29325
-1.73175
-2.0155
-2.36075
-1.326
-1.8435
-1.91625
-2.17325
-2.47625
-2.3485
-1.93775
-2.09475
-1.6035
-1.99875
-1.51125
-1.4715
-1.8865
-1.821
-1.75625
-0.9892501
-0.49275
-1.082
-1.40025
-1.218
-0.5455
-0.572
-0.431
-0.752
-0.91975
-1.019
-0.8585001
-0.79575
0.24975
0.3705
0.8575
0.6267501
0.4685
0.27975
0.278
0.23325
0.5615
0.38525
0.467
0.0405
-0.01525
0.06825
-0.05225
-0.06525
-0.00125
-0.27875
-0.4635
-0.2855
-0.33125
-0.4255
-0.532
-0.7875
-0.70625
-0.645
-0.81775
-1.05
-0.96025
-0.7820001
-0.9855
-0.98875
-1.223
-1.14925
-1.603
-1.58
-1.80375
-1.76625
-1.72125
-1.99075
-2.19875
-1.8925
-1.89375
-2.0535
-1.97925
-1.56725
-1.567
-1.54375
-1.04675
-1.27875
-1.14525
-0.86575
-0.6315
-0.5840001
-0.449
-0.5595
-0.72425
-0.21275
0.44775
0.0685
0.25475
-0.001
-0.58275
-0.8412501
-0.79175
-0.72225
-1.46425
-0.58875
-0.666
0.0845
0.75475
-0.09
-0.07
0.0305
-0.063
0.005
0.24375
0.58225
0.6300001
1.22225
1.05775
1.2095
0.6515
1.0795
0.705
0.69125
1.05525
1.639
1.0505
1.01475
0.9445
0.13175
0.2525
0.78025
0.9687501
1.1385
0.9435
0.438
0.64625
0.355
0.46925
0.52775
0.0985
-0.2945
0.01125
0.0525
0.539
1.10875
1.27875
0.27825
0.4655
0.39675
0.19575
0.508
0.151
0.3795
0.201
-0.248
-0.0735
0.037
0.188
0.0405
-0.0035
-0.0625
-0.2055
-0.2065
-0.101
-0.10575
-0.2945
0.1075
0.2685
0.3985
0.2435
0.23525
0.1785
0.18225
0.25025
0.46425
0.577
0.52275
0.2025
-0.04725
0.12725
-0.05625
-0.04125
0.03775
-0.07375
-0.00275
-0.18725
-0.28075
-0.22275
-0.564
-0.28575
-0.378
-0.23175
-0.31475
-0.3705
-0.43825
0.0135
0.083
0.116
0.19975
0.3855
0.34075
0.356
0.3295
0.1795
0.02025
0.0405
-0.1015
-0.176
-0.04125
0.05625
0.078
-0.06425
0.171
0.0695
0.14025
0.30725
0.137
-0.0115
0.01875
0.06275
-0.034
-0.56775
-0.3025
-0.181
-0.21
0.077
-0.0765
-0.229
0.0135
-0.134
-0.1125
-0.14175
0.1425
0.16825
0.1085
0.1355
-0.05075
0.01
-0.025
0.003
-0.023
-0.145
-0.11525
-0.09025
0.0005
0.06825
0.0605
0.252
0.4325
0.35425
0.345
0.069
0.0065
0.17875
0.1145
0.13025
0.38625
0.86075
0.7672501
0.89925
0.9102501
0.7237501
0.8055
0.6585
0.541
0.64025
0.6455
0.52125
0.4935
0.4815
0.2905
0.30325
0.2125
0.05475
0.08225
0.03275
0.027
0.21075
0.20375
0.1315
0.148
0.212
-0.021
-0.05225
-0.225
-0.15825
0.1335
0.06575
0.19325
-0.03425
0.13225
0.07925
-0.05025
-0.111
-0.19075
-0.31425
-0.27
-0.40475
-0.39675
-0.458
-0.32325
-0.52275
-0.535
-0.109
0.06475
-0.0405
0.12325
0.1185
0.138
-0.39325
-0.2525
-0.13575
0.47125
0.27525
-0.2925
-0.46775
-0.447
-0.21575
-0.2075
0.26025
0.59175
0.914
1.08
0.68
0.45575
0.217
0.32
0.1185
0.571
0.7995
0.691
0.631
0.52075
0.8560001
0.763
0.8635001
1.31
1.07475
1.04625
1.16875
0.8930001
0.8477501
0.573
0.244
0.8065
0.9995
1.05125
1.764
0.94125
1.167
1.7475
1.76575
0.50525
0.8385
1.2895
1.0585
1.3385
2.709
0.46025
0.85
0.60425
0.9585
1.12975
0.7955
0.507
0.51275
0.2805
0.48275
0.341
0.0305
0.05275
-0.08025
-0.089
-0.04425
-0.156
-0.08675
0.46575
0.47475
0.8520001
0.928
0.43175
0.592
0.2385
-0.22825
-0.41225
-0.06475
0.16425
-0.078
-0.19525
0.20525
0.444
-0.25575
1.04525
1.34
1.01025
1.39225
0.93375
0.305
0.0595
0.1535
0.0755
0.14775
0.9255
0.2485
0.024
0.20425
0.169
1.32875
0.18175
0.33
0.11175
-0.05275
-0.084
-0.89925
-0.8922501
-0.6675
-0.8042501
-0.72575
-0.6295
-0.82425
-0.649
-0.6965
-1.05675
-1.4855
-0.601
-0.55475
-0.096
-0.071
0.16225
0.21475
0.166
1.26825
1.0265
0.60725
1.94925
1.9115
0.541
0.8305001
1.57125
1.62775
1.24275
1.1585
0.7517501
1.788
1.742
0.9447501
2.761
1.90875
0.76275
0.5025
0.774
0.867
1.08025
1.172
1.47625
1.93175
4.296
1.275
0.7435001
1.3525
1.4845
1.486
1.491
1.24125
1.0735
3.00825
1.36075
0.94275
0.5465
0.56475
0.16675
-0.0515
-0.15025
-0.018
0.1895
0.15625
-0.01075
-0.1905
0.26225
0.0775
0.313
0.57375
0.65525
0.46425
0.0395
0.09475
0.2715
0.8335
0.44025
0.4035
0.4255
0.4105
0.76875
0.6792501
1.044
1.04325
1.27275
1.15225
1.276
1.1455
1.466
1.57225
1.33175
0.8065
0.5387501
0.41725
0.66925
0.3385
0.6765
0.06975
0.28675
0.74
0.276
0.29725
0.33225
-0.09225
-0.35425
-0.2165
-0.33
-0.23025
-0.44275
-0.0085
0.94025
0.698
0.458
0.6045001
0.454
0.34075
0.416
0.42925
0.6670001
0.6155
0.7105001
0.34175
0.49125
0.86325
1.344
1.42525
1.0415
0.6662501
0.12825
0.108
-0.13625
-0.1315
0.11525
0.26525
0.57475
0.555
0.7772501
0.92075
1.4075
0.78475
1.00125
1.28175
1.23975
1.20475
1.21475
1.476
1.284
1.74775
1.3155
1.01925
0.60425
0.545
0.2335
0.388
0.23175
0.96925
0.7815
0.8907501
1.12925
0.9160001
1.473
1.71525
1.76325
1.8265
2.024
2.12925
1.7115
1.92075
1.883
1.70475
1.73525
1.47
1.63775
1.77025
1.52475
0.96275
1.5395
1.9485
1.80725
1.1415
0.4835
0.28325
0.20475
-0.06525
0.25275
0.60875
0.6702501
0.63275
0.6835001
0.6655
0.84725
0.9737501
1.18175
1.22125
