-0.2005094
-0.1837118
-0.1925075
-0.1963284
-0.1916127
-0.1846996
-0.1812484
-0.1804398
-0.1768483
-0.180649
-0.1894537
-0.1839916
-0.2011952
-0.1880446
-0.1763436
-0.1836709
-0.1906288
-0.1680981
-0.1549281
-0.1591524
-0.1708392
-0.159548
-0.1656844
-0.1644504
-0.1629908
-0.1652109
-0.1461914
-0.1491283
-0.1491905
-0.1713833
-0.1756349
-0.1677062
-0.1805449
-0.1698552
-0.1624719
-0.1527983
-0.1597448
-0.1686649
-0.1526936
-0.1638274
-0.173243
-0.1841898
-0.1821785
-0.1646702
-0.1609512
-0.1644526
-0.1655062
-0.1690547
-0.1621435
-0.1538028
-0.1476607
-0.1627401
-0.1768205
-0.1849886
-0.1901444
-0.1828421
-0.172997
-0.1782649
-0.166734
-0.1529385
-0.1603441
-0.1528929
-0.1580024
-0.160218
-0.1641326
-0.1747411
-0.1866899
-0.1783525
-0.1748336
-0.1653202
-0.1583478
-0.1545006
-0.1625414
-0.162474
-0.1736426
-0.171979
-0.1779892
-0.1839309
-0.1752731
-0.1806501
-0.1708612
-0.1645895
-0.1652783
-0.1711475
-0.1819993
-0.1774083
-0.1736952
-0.1809603
-0.1882049
-0.1884431
-0.1779493
-0.1953616
-0.1888957
-0.1782788
-0.1803761
-0.1960621
-0.2064539
-0.1964603
-0.1898502
-0.211396
-0.2078626
-0.2101403
-0.2113632
-0.2051553
-0.1961455
-0.1883112
-0.1926782
-0.2009231
-0.1908364
-0.2089067
-0.2191355
-0.2159099
-0.2417096
-0.2296812
-0.2382428
-0.2441995
-0.2483156
-0.261419
-0.2399013
-0.2363538
-0.241186
-0.2465049
-0.2303827
-0.2273928
-0.2257435
-0.2369215
-0.231437
-0.2310618
-0.2277687
-0.2347346
-0.2197711
-0.2124293
-0.1960487
-0.200619
-0.2056154
-0.2106576
-0.2138186
-0.2277255
-0.2268943
-0.2229994
-0.2246461
-0.2259707
-0.2400857
-0.2248667
-0.2269952
-0.2377054
-0.2420764
-0.2553046
-0.2607443
-0.2430694
-0.2334081
-0.2307425
-0.2242672
-0.2336909
-0.237128
-0.2317779
-0.231071
-0.2373749
-0.2211726
-0.1928862
-0.1830895
-0.1792483
-0.1843634
-0.2007907
-0.1838579
-0.1699754
-0.1792464
-0.1923112
-0.203569
-0.217585
-0.2191692
-0.2314476
-0.2390489
-0.2457656
-0.2550764
-0.2451932
-0.2350747
-0.2346576
-0.2283233
-0.2230554
-0.2347661
-0.2081581
-0.207814
-0.1845301
-0.1747064
-0.1727929
-0.188639
-0.205637
-0.2090931
-0.2208719
-0.2186328
-0.2172683
-0.2228509
-0.2142627
-0.2188619
-0.2267485
-0.2104222
-0.1978127
-0.1999296
-0.2008896
-0.2001518
-0.214028
-0.2169016
-0.2213119
-0.2129354
-0.2146828
-0.202004
-0.1962277
-0.1760063
-0.1856059
-0.1999022
-0.2100382
-0.2258212
-0.2284964
-0.220515
-0.2200978
-0.217423
-0.2094064
-0.1979746
-0.1867811
-0.2103834
-0.2165332
-0.2178442
-0.2177172
-0.2114356
-0.2096272
-0.2119301
-0.1976597
-0.2091476
-0.2077139
-0.2146801
-0.2099803
-0.2258241
-0.246945
-0.2393579
-0.2369434
-0.2385961
-0.231305
-0.2308816
-0.2121526
-0.2110491
-0.2135662
-0.2265893
-0.2329346
-0.2333955
-0.2582731
-0.2606928
-0.272542
-0.2763253
-0.2737174
-0.2750453
-0.2868579
-0.299627
-0.2861569
-0.2795735
-0.274819
-0.2919722
-0.2923681
-0.2701988
-0.2772592
-0.3012893
-0.2893665
-0.2802197
-0.2638917
-0.2497543
-0.2603686
-0.2463194
-0.2228448
-0.239914
-0.2334993
-0.2352665
-0.2166992
-0.2187944
-0.2280515
-0.2307828
-0.238621
-0.2611251
-0.2629735
-0.2975158
-0.2877082
-0.2955236
-0.2910943
-0.300612
-0.2943061
-0.3049553
-0.3670859
-0.3461849
-0.3127405
-0.3237264
-0.2956917
-0.2656274
-0.2699723
-0.2766617
-0.3138973
-0.3255385
-0.3329564
-0.3361407
-0.2699585
-0.2780252
-0.258242
-0.279385
-0.2862748
-0.2758567
-0.2569214
-0.2480724
-0.2533003
-0.2534407
-0.2086219
-0.2270483
-0.2303702
-0.2200311
-0.2187957
-0.2069652
-0.2062386
-0.2066752
-0.2032807
-0.2008271
-0.1902098
-0.1817891
-0.1335628
-0.1510981
-0.1481706
-0.1586733
-0.1586724
-0.1721918
-0.1840989
-0.1817177
-0.1754703
-0.1586102
-0.1542274
-0.1599679
-0.1768931
-0.1777796
-0.1704053
-0.1866086
-0.1669399
-0.1684731
-0.1732549
-0.1833761
-0.1871352
-0.1790199
-0.1760664
-0.1741797
-0.1759753
-0.1701471
-0.1652582
-0.161651
-0.1621277
-0.1852025
-0.2022475
-0.1991777
-0.2194457
-0.1855373
-0.1947342
-0.1835693
-0.1870643
-0.1986245
-0.2052283
-0.2153521
-0.2090972
-0.1885669
-0.1823561
-0.1954397
-0.1342669
-0.1362477
-0.1614129
-0.1230428
-0.0931962
-0.1018053
-0.0906736
-0.1020489
-0.1045715
-0.0944968
-0.102078
-0.1316761
-0.0880405
-0.0459404
-0.0542992
-0.0782573
-0.07327
-0.1064103
-0.0850725
-0.0773995
-0.0672588
-0.0749229
-0.078571
-0.0568079
-0.0317467
-0.0317034
-0.0622612
-0.0588705
-0.0455656
-0.0419865
-0.0504875
-0.0469899
-0.0545203
-0.0563708
-0.0414207
-0.0573195
-0.0621157
-0.0970635
-0.1262696
-0.1512001
-0.1605492
-0.1649094
-0.134155
-0.1449331
-0.125312
-0.1402831
-0.1303109
-0.1461114
-0.183229
-0.179891
-0.1638867
-0.1700697
-0.1251024
-0.1432066
-0.1373995
-0.1839087
-0.1898011
-0.1806161
-0.1661317
-0.1700943
-0.174962
-0.1700875
-0.1528147
-0.1330878
-0.1310654
-0.1444692
-0.1429455
-0.1662227
-0.1337071
-0.0995966
-0.1236076
-0.1287263
-0.0966247
-0.1056485
-0.1124195
-0.0722184
-0.078631
-0.0923612
-0.145214
-0.1546342
-0.1082014
-0.1052989
-0.0732835
-0.0361447
-0.0684754
-0.0643844
-0.068798
-0.0686236
-0.0994537
-0.1142318
-0.105726
-0.082098
-0.0865635
-0.1149614
-0.1062301
-0.0941753
-0.0784117
-0.0923696
-0.0951459
-0.0827059
-0.0783908
-0.0835011
-0.1006803
-0.156118
-0.2217865
-0.3047352
-0.2858742
-0.3034569
-0.2515701
-0.2796141
-0.234064
-0.2918072
-0.2685533
-0.1869968
-0.122794
-0.2207792
-0.087082
-0.1243098
-0.1536884
-0.1699824
-0.1699409
-0.2048187
-0.2761946
-0.2898879
-0.2518628
-0.2534975
-0.2399539
-0.1956724
-0.2384885
-0.2511
-0.3442051
-0.466184
-0.4562937
-0.4689626
-0.4565863
-0.433624
-0.4256036
-0.407248
-0.3959627
-0.4184299
-0.4868958
-0.4627728
-0.4265537
-0.4292418
-0.3665797
-0.3316641
-0.2922469
-0.2919636
-0.3380917
-0.4112252
-0.3371361
-0.3738872
-0.3400572
-0.3856329
-0.3549421
-0.2993457
-0.3511291
-0.3605899
-0.285214
-0.3075037
-0.3525136
-0.3278038
-0.3326762
-0.3029515
-0.3085663
-0.3038908
-0.317314
-0.3451004
-0.3668547
-0.3643157
-0.3329583
-0.318
-0.2713431
-0.2396612
-0.2330478
-0.2185036
-0.1552265
-0.1604446
-0.1482284
-0.1641042
-0.1669807
-0.2083687
-0.1944943
-0.1964458
-0.2174267
-0.2391784
-0.2497212
-0.2483404
-0.2586944
-0.2455658
-0.2426072
-0.2499597
-0.2523362
-0.2654469
-0.2528841
-0.2695225
-0.268794
-0.245377
-0.2573795
-0.2386558
-0.2560726
-0.2442767
-0.2435112
-0.2711863
-0.2885637
-0.2918088
-0.2816697
-0.2737835
-0.3075158
-0.3084514
-0.2708394
-0.2744805
-0.2509856
-0.2479474
-0.270224
-0.2966388
-0.2688965
-0.2683061
-0.2812523
-0.2734055
-0.2390692
-0.2276381
-0.2450758
-0.2467751
-0.2558612
-0.2858287
-0.2912956
-0.2915804
-0.2977172
-0.3000098
-0.2768442
-0.2720265
-0.2726863
-0.2699178
-0.2699385
-0.2490234
-0.2550871
-0.2391582
-0.249644
-0.2516467
-0.2616228
-0.2431158
-0.2294039
-0.2411829
-0.2274987
-0.2307026
-0.2060791
-0.2223702
-0.2412174
-0.2540296
-0.2554764
-0.2580258
-0.2703786
-0.2796623
-0.2859775
-0.2959756
-0.2854024
-0.2788914
-0.2760626
-0.3058239
-0.3119777
-0.2889469
-0.2937625
-0.3273892
-0.3233818
-0.32617
-0.3128562
-0.2876024
-0.2526732
-0.2365926
-0.2400887
-0.237983
-0.2613274
-0.2546027
-0.2527477
-0.2169804
-0.2471634
-0.3026859
-0.2897752
-0.3071458
-0.2963119
-0.2747
-0.2689096
-0.26469
-0.2762178
-0.2655218
-0.2750523
-0.301999
-0.2985823
-0.2914771
-0.2840339
-0.2777878
-0.2897122
-0.2909803
-0.2906974
-0.2734859
-0.2643537
-0.2644357
-0.2574957
-0.2778423
-0.2519192
-0.2552546
-0.2565863
-0.2580535
-0.2722985
-0.3161601
-0.3156358
-0.3172219
-0.2943098
-0.2878971
-0.2911952
-0.2957537
-0.2962053
-0.2971989
-0.2937844
-0.2975167
-0.268554
-0.2817604
-0.2675058
-0.2977368
-0.3093795
-0.3246048
-0.3289235
-0.3381604
-0.3226721
-0.3345352
-0.338004
-0.3434034
-0.3246219
-0.3123242
-0.3244993
-0.324435
-0.3306028
-0.3100668
-0.318675
-0.3375981
-0.3048275
-0.3014882
-0.279031
-0.294095
-0.2847773
-0.2646698
-0.2672789
-0.2476095
-0.2779456
-0.2418524
-0.2438483
-0.2517004
-0.257404
-0.2704694
-0.2829089
-0.245084
-0.2431618
-0.2692407
-0.2655495
-0.3119392
-0.3160819
-0.3084704
-0.3177622
-0.3405367
-0.3277673
-0.3176802
-0.3047027
-0.2891222
-0.2841863
-0.2954864
-0.310501
-0.273258
-0.2791075
-0.3287398
-0.3316655
-0.3123329
-0.3156821
-0.2984068
-0.2880681
-0.2944445
-0.3057452
-0.3078291
-0.3323465
-0.3141572
-0.3472323
-0.3277155
-0.3168435
-0.3234238
-0.3006206
-0.3007543
-0.2721649
-0.2922404
-0.3032219
-0.3131918
-0.3420216
-0.3349601
-0.3264534
-0.3303628
-0.3429784
-0.3166335
-0.3444931
-0.3444514
-0.3626481
-0.343148
-0.346906
-0.3390115
-0.3283489
-0.3223459
-0.3521847
-0.3638067
-0.3759024
-0.346802
-0.3601433
-0.3461811
-0.3477421
-0.3571523
-0.3560934
-0.365664
-0.3632298
-0.3557315
-0.3725204
-0.3545244
-0.3505696
-0.3303807
-0.3201825
-0.3302324
-0.337173
-0.3466978
-0.3452591
-0.3358324
-0.2999894
-0.3206472
-0.3204246
-0.3078195
-0.2918724
-0.3221401
-0.3285054
-0.3448648
-0.336112
-0.3410933
-0.3566286
-0.3400461
-0.3506134
-0.3233521
-0.3348682
-0.2952703
-0.3324319
-0.3377092
-0.3140886
-0.3267742
-0.3066463
-0.3230721
-0.327802
-0.3235275
-0.3146755
-0.3646933
-0.3327149
-0.3256817
-0.3159554
-0.370883
-0.365889
-0.3703614
-0.3246795
-0.3419804
-0.3243113
-0.2943709
-0.3435808
-0.3243516
-0.3107547
-0.3254478
-0.3142842
-0.3324243
-0.3470991
-0.3479564
-0.3784612
-0.3952459
-0.3848527
-0.3673855
-0.3486191
-0.3511191
-0.3738337
-0.3767613
-0.3694764
-0.3414945
-0.33758
-0.337591
-0.3396095
-0.3504475
-0.3468821
-0.3571771
-0.3369578
-0.3270549
-0.3261679
-0.339164
-0.3552629
-0.350876
-0.342564
-0.3405443
-0.3557445
-0.3579573
-0.358937
-0.3523475
-0.3516241
-0.3358997
-0.3274569
-0.3290232
-0.3132164
-0.3402048
-0.3371175
-0.3304498
-0.3153177
-0.3046572
-0.3539656
-0.3698535
-0.3473681
-0.3286634
-0.3322945
-0.3352028
-0.341115
-0.3340903
-0.3238845
-0.3269613
-0.3577781
-0.3437935
-0.3764823
-0.4368129
-0.397316
-0.3359429
-0.308216
-0.2951059
-0.2875795
-0.2831593
-0.2717977
-0.2609346
-0.2490623
-0.2564858
-0.2411745
-0.2512281
-0.2564688
-0.2376757
-0.2505617
-0.248046
-0.2658423
-0.2880819
-0.2890329
-0.2897292
-0.3040849
-0.3128798
-0.3019972
-0.2768384
-0.2774696
-0.2892776
-0.2951496
-0.3004778
-0.2763412
-0.308411
-0.3208752
-0.3005273
-0.3190217
-0.3305466
-0.2897529
-0.2893379
-0.311806
-0.3258357
-0.3085217
-0.3295551
-0.3414746
-0.3446826
-0.3381238
-0.3282317
-0.3073331
-0.287165
-0.2736787
-0.2965941
-0.285873
-0.2780569
-0.2594545
-0.284417
-0.2769941
-0.2472467
-0.2423224
-0.2550333
-0.2354612
-0.2852982
-0.2865171
-0.2966121
-0.2754204
-0.2833116
-0.2958127
-0.2964542
-0.2830433
-0.2744049
-0.3056194
-0.3273973
-0.3083294
-0.3043256
-0.3547649
-0.3448112
-0.3375537
-0.3449657
-0.3280965
-0.3387079
-0.3475702
-0.385454
-0.3962235
-0.3879555
-0.3801098
-0.3852474
-0.3908783
-0.3840557
-0.3720758
-0.3679166
-0.3687437
-0.3881973
-0.3673647
-0.3563419
-0.3768899
-0.392688
-0.3948412
-0.4032477
-0.3913406
-0.403456
-0.3973022
-0.3949848
-0.4031787
-0.3236663
-0.3397645
-0.3330873
-0.3410155
-0.3494459
-0.3315747
-0.3287115
-0.3238915
-0.3167555
-0.3188018
-0.3163684
-0.3498055
-0.3429914
-0.3487523
-0.344772
-0.3567289
-0.338306
-0.3793602
-0.3906248
-0.3722676
-0.3904334
-0.3636686
-0.3380874
-0.3729607
-0.3559868
-0.3411844
-0.3239974
-0.3429046
-0.3263863
-0.3457823
-0.3802521
-0.3712554
-0.347162
-0.3362491
-0.3283852
-0.340705
-0.3560515
-0.3489013
-0.3474606
-0.3416183
-0.3789377
-0.3812569
-0.3920887
-0.3738176
-0.3845733
-0.3984827
-0.3999736
-0.4217752
-0.4145918
-0.4037564
-0.3943612
-0.3688101
-0.3643066
-0.3964369
-0.4090915
-0.4103578
-0.4201716
-0.4117089
-0.4329707
-0.4085353
-0.4059986
-0.3725095
-0.3774665
-0.3778261
-0.4109947
-0.4202303
-0.4449103
-0.4350188
-0.4211046
-0.3947783
-0.4070141
-0.4030512
-0.4079365
-0.4129427
-0.3986033
-0.4179497
-0.4299609
-0.4279315
-0.4482253
-0.4392597
-0.4228161
-0.4233573
-0.4088283
-0.3953662
-0.3911863
-0.3904744
-0.3976835
-0.4033272
-0.4280521
-0.422071
-0.4109016
-0.4171143
-0.4008875
-0.3782259
-0.388382
-0.398369
-0.399815
-0.3831012
-0.3659761
-0.3833325
-0.379914
-0.3839029
-0.3847198
-0.4068855
-0.4067885
-0.3967399
-0.4050953
-0.3820738
-0.3847193
-0.3845246
-0.4013777
-0.4005421
-0.3785032
-0.3822011
-0.3943987
-0.3862821
-0.3603052
-0.3750915
-0.3810272
-0.3566659
-0.3542728
-0.3415079
-0.344055
-0.3482098
-0.3587563
-0.3675129
-0.3789046
-0.3770701
-0.3737664
-0.3678131
-0.3654178
-0.3550817
-0.3334876
-0.331886
-0.3627035
-0.365752
-0.364114
-0.3623449
-0.3542683
-0.3859657
-0.3744799
-0.3623849
-0.3932583
-0.38802
-0.3797158
-0.3715351
-0.3707721
-0.3614989
-0.3751083
-0.3590583
-0.3460285
-0.343306
-0.3587476
-0.3381926
-0.3434027
-0.3299844
-0.3717054
-0.3569158
-0.3475831
-0.3585031
-0.3304334
-0.3412472
-0.3345638
-0.3524771
-0.3570639
-0.3432586
-0.3509572
-0.3525681
-0.3544815
-0.336305
-0.3460522
-0.3493105
-0.334304
-0.3277791
-0.3482784
-0.3704729
-0.3366227
-0.3340313
-0.3535558
-0.3465261
-0.3266618
-0.3159692
-0.3230209
-0.3323165
-0.3356582
-0.3245974
-0.3276489
-0.3205773
-0.3196286
-0.3240981
-0.3370708
-0.3229929
-0.3435787
-0.3297621
-0.32467
-0.3301049
-0.3367014
-0.3282456
-0.3102819
-0.3098123
-0.3410858
-0.3317785
-0.3592278
-0.3113429
-0.3572885
-0.3015602
-0.3044527
-0.3028719
-0.3207156
-0.3055709
-0.31894
-0.3264107
-0.3466213
-0.3490229
-0.3315541
-0.3138541
