-0.00975
-0.04575
-0.03575
-0.002
0.01275
0.03875
0.04775
0.05
0.01275
0.03775
0.07025
0.0315
0.037
-0.0005
0.0585
0.14475
0.084
0.06025
0.068
0.067
0.0645
0.07425
0.076
0.06475
0.114
0.05075
0.02325
0.04775
0.05475
0.07225
0.0965
0.095
0.03975
0.05875
0.109
0.096
0.0355
0.039
0.0595
0.063
0.03675
0.057
0.045
0.0045
-0.011
0.029
-0.01825
-0.0045
-0.0035
0.01525
0.068
0.01975
-0.03975
-0.09
-0.0455
-0.00525
0.04575
0.0675
0.068
0.0275
0.10275
0.08125
0.14675
0.1225
0.103
0.0385
0.08675
0.15125
0.1015
0.1365
0.23075
0.1905
0.13125
0.151
0.19325
0.15175
0.20025
0.1345
0.0705
0.021
0.01375
0.07675
0.11375
0.11475
0.17225
0.23025
0.17775
0.15475
0.20625
0.1695
0.1845
0.12425
0.18925
0.13525
0.1405
0.08325
0.08425
0.1595
0.06875
0.04675
0.13675
-0.02275
-0.0245
0.16675
0.1365
0.13025
0.20175
0.12325
0.141
0.071
-0.01175
-0.08925
0.026
-0.044
0.02675
0.04425
-0.0085
0.004
0.06625
0.154
0.24775
0.06275
0.07025
0.0925
0.075
0.11125
-0.03025
0.1105
0.131
0.1885
0.08725
-0.01525
0.08875
0.05825
0.035
0.0515
0.17875
0.009
0.04975
0.127
0.10675
0.16875
0.1555
0.11825
0.09025
0.0935
0.097
0.171
0.20475
0.06775
0.0475
0.03025
0.0485
0.05125
0.0855
0.07675
0.076
0.05925
-0.009
-0.0275
0.004
-0.023
-0.016
-0.07325
-0.125
-0.14225
-0.14175
-0.1585
-0.158
-0.166
-0.133
-0.15875
-0.1935
-0.03025
-0.05775
-0.03925
-0.07375
-0.04725
-0.0505
-0.07375
-0.0895
-0.04125
-0.04525
-0.06575
-0.06125
0.01275
-0.00225
-0.0065
0.0005
0.0035
-0.02425
-0.00225
-0.0215
-0.01275
-0.00575
-0.00225
-0.021
-0.01375
-0.0045
-0.0535
-0.065
-0.05275
-0.039
-0.036
-0.0405
-0.02875
0.023
0.08525
0.02425
0.01725
-0.00175
0.05725
0.01175
0.06
0.03175
0.04075
0.06225
0.06625
0.02675
0.0595
0.07925
0.09275
0.0655
0.12075
0.093
0.083
0.098
0.1
0.06925
0.08
0.071
0.09375
0.12075
0.15425
0.0925
0.1005
0.11125
0.092
0.17025
0.1695
0.13425
0.121
0.1465
0.1165
0.095
0.11825
0.14875
0.14975
0.148
0.14225
0.13175
0.1485
0.12475
0.13425
0.11525
0.11275
0.135
0.10225
0.06175
0.06475
0.0465
0.041
0.02925
0.02525
-0.026
-0.0345
-0.01225
0.00375
0.0065
0.02475
0.14025
0.10075
0.1335
0.13875
0.148
0.134
0.1795
0.191
0.1775
0.18
0.10125
0.08975
0.0635
0.02975
0.027
0.029
0.0355
0.01225
-0.015
-0.042
0.01175
0.00675
-0.05875
-0.02375
-0.0475
-0.015
-0.0015
0.009
0.03075
0.03175
0.025
0.0375
0.0645
0.05825
0.087
0.02875
0.09975
0.10675
0.12125
0.12675
0.1365
0.155
0.195
0.18225
0.20775
0.179
0.2385
0.20675
0.21725
0.21175
0.19525
0.2105
0.10475
-0.056
0.01175
0.1215
0.113
0.0795
-0.011
0.13025
0.06075
0.0955
0.0815
-0.0305
0.10025
0.02975
0.03375
0.02225
-0.0245
0.09025
0.10825
0.154
0.16
0.145
0.078
0.0725
0.047
0.0435
0.037
0.02975
0.05
0.11775
-0.001
0.01025
0.06625
0.102
-0.00675
0.0705
0.00875
-0.088
-0.02275
-0.008
-0.029
0.002
0.029
0.022
0.04875
0.00525
0.068
0.1315
0.10975
0.0855
0.10775
0.0995
0.10625
0.07525
0.07875
0.0825
0.08325
0.05675
0.0575
0.0405
0.072
0.0355
0.0335
0.01375
0.03875
0.042
0.08775
0.06375
0.126
0.1015
0.12775
0.11
0.14175
0.11725
0.13325
0.1365
0.12425
0.121
0.12975
0.1235
0.137
0.12475
0.10775
0.1255
0.14625
0.14475
0.092
0.04925
0.05575
0.03225
0.044
0.022
0.06325
0.0405
0.017
0.0335
0.05275
0.0295
0.0165
0.01825
0.03975
0.0615
0.05425
0.037
0.0435
0.0175
0.022
0.02975
0.058
0.05325
0.034
0.02675
0.026
0.03225
0.02625
0.022
0.04
0.09625
0.10925
0.093
0.087
0.08
0.099
0.07325
0.08075
0.10625
0.12825
0.14075
0.13075
0.1355
0.09775
0.0875
0.13375
0.13875
0.1375
0.16525
0.12175
0.13825
0.21575
0.22475
0.239
0.25625
0.2455
0.252
0.2335
0.2115
0.23075
0.25725
0.26825
0.2655
0.22525
0.21325
0.2855
0.2945
0.3405
0.3455
0.3485
0.3495
0.34975
0.336
0.313
0.34875
0.29125
0.279
0.304
0.24625
0.26025
0.23425
0.23375
0.228
0.25575
0.21175
0.18825
0.25675
0.193
0.16575
0.19625
0.18475
0.1485
0.17525
0.1365
0.162
0.18575
0.177
0.169
0.09075
0.1705
0.2255
0.1325
0.095
-0.0085
-0.024
-0.0045
-0.01025
0.0085
-0.00175
0.0175
-0.03275
-0.032
-0.04675
-0.03825
-0.04025
-0.04375
-0.0305
-0.0015
-0.01675
-0.00425
0.019
0.1295
0.04575
0.0465
0.1485
-0.0055
-0.04925
-0.00625
0.03575
0.05875
0.01825
-0.00375
0.02625
0.033
0.07575
0.1275
0.1025
0.0955
0.109
0.097
0.071
0.05975
0.03525
0.04225
0.08625
0.082
0.0115
0.03325
0.04325
0.023
0.0825
0.05475
0.10225
0.0705
0.059
0.09025
0.09925
0.0855
0.0915
0.0715
0.07325
0.07125
0.0845
0.08175
0.09575
0.104
0.1425
0.14725
0.13625
0.15325
0.14075
0.14375
0.189
0.19975
0.221
0.1575
0.1475
0.20775
0.188
0.2025
0.18425
0.16575
0.16275
0.141
0.1155
0.14275
0.11125
0.16975
0.20875
0.235
0.229
0.323
0.26075
0.26025
0.27175
0.3225
0.35275
0.28425
0.31125
0.16825
0.164
0.337
0.2565
0.2075
0.11625
-0.0215
-0.0675
-0.0905
-0.10525
-0.16325
-0.15075
-0.12475
-0.1835
-0.1565
-0.128
-0.17425
-0.1955
-0.18325
-0.06525
-0.00475
0.00925
0.083
0.0645
0.105
0.0845
0.08825
0.02725
0.01475
0.08075
0.167
0.04925
0.118
0.0965
0.05075
0.0385
0.02275
0.058
0.066
0.05025
0.04675
0.06825
0.0745
0.08625
0.073
0.084
0.069
0.15
0.11725
0.0965
0.09425
0.08025
0.073
0.0785
0.0735
0.10075
0.1105
0.0545
0.05075
0.08875
0.08125
0.068
0.0455
0.07175
0.229
0.1315
0.05325
0.00075
-0.00725
-0.036
-0.099
-0.164
-0.241
-0.2535
-0.2665
-0.2945
-0.375
-0.4885
-0.37825
-0.2525
-0.1355
0.067
0.04875
-0.1145
-0.1
-0.12975
0.00975
-0.04325
-0.048
-0.14275
-0.20425
-0.229
-0.18925
-0.20225
-0.26475
-0.259
-0.21775
-0.217
-0.1925
-0.27575
-0.278
-0.21075
-0.17775
-0.16925
-0.12
-0.116
-0.06
-0.04325
-0.056
-0.03225
-0.0385
-0.03725
0.00775
0.0115
0.02575
0.02425
0.01225
-0.01875
-0.00975
-0.034
-0.0225
0.0175
0.05125
0.05325
0.05125
0.05925
0.05525
0.025
0.0465
0.05875
0.06625
0.048
0.07575
0.079
0.07
0.05575
0.058
0.05125
0.08575
0.05175
0.0825
0.0545
0.06725
0.12825
0.13375
0.1085
0.1095
0.07975
0.03075
0.033
0.048
0.02875
0.04025
0.03825
0.03275
0.05125
-0.00825
0.03525
0.04775
0.02025
0.0105
-0.02675
0.0095
0.01625
-0.0105
0.01725
-0.02275
-0.01875
-0.0575
-0.0105
-0.02825
0.012
0.02275
0.01075
-0.04025
-0.0305
-0.0345
-0.03825
-0.01425
-0.02575
0.01225
-0.0365
-0.05425
-0.041
-0.00825
0.02075
0.00325
-0.01075
0.03225
0.03825
0.04075
0.02725
0.0555
0.03775
0.03875
0.0655
0.0535
0.061
0.04975
0.0325
0.03925
0.046
0.0305
0.0145
0.005
0.0035
0.011
0.00825
-0.008
0.02425
0.01025
0.0245
0.034
0.04375
0.04125
-0.01
0.00725
-0.00375
-0.01
-0.029
-0.009
0.022
0.00975
-0.00475
-0.002
0.00075
0.00175
0.0285
0.00375
0.0065
0.01975
0.01575
0.00575
0.025
0.026
0.032
0.01325
-0.00625
-0.02475
-0.03875
-0.03225
-0.02575
-0.0395
0.02
0.0075
0.03625
0.054
0.044
-0.01
-0.002
0.037
0.01625
0.03075
0.00525
-0.0025
-0.012
0.006
-0.01075
-0.007
-0.03175
-0.044
-0.023
-0.018
-0.00575
0.0065
0.043
0.0115
0.01975
0.00775
0.014
0.01675
-0.0155
0.0085
-0.00325
-0.00675
-0.043
-0.0255
-0.00925
-0.02825
-0.01275
-0.0
0.03775
0.04575
0.01875
0.0405
0.032
0.05725
0.0775
0.04675
0.07525
0.06875
0.0835
0.10375
0.048
0.046
0.052
0.0555
0.029
-0.00025
0.02625
0.0015
-0.0115
-0.00025
-0.018
0.01775
0.028
0.01575
0.00875
0.00575
-0.05125
-0.05575
-0.02175
-0.0325
-0.036
0.0055
0.0145
0.00225
-0.00425
0.04
0.00875
0.029
0.01575
0.0335
0.00975
-0.005
0.011
0.02925
0.02875
0.03225
0.06525
0.053
0.0615
0.06875
0.0925
0.0525
0.05225
0.00975
0.015
0.0155
0.0365
0.014
0.03675
0.03275
0.0185
0.02375
0.05275
0.0385
0.0485
0.033
0.04075
0.0375
0.0545
0.0655
0.05575
0.0665
0.0645
0.116
0.0825
0.07875
0.07275
0.05925
0.06575
0.08175
0.11075
0.1105
0.08525
0.084
0.0825
0.09475
0.1185
0.13975
0.17325
0.2015
0.20925
0.1875
0.1695
0.1945
0.16375
0.17525
0.16325
0.1555
0.145
0.144
0.16575
0.14325
0.16975
0.1415
0.15775
0.14175
0.13275
0.129
0.13175
0.172
0.13775
0.12525
0.10375
0.1065
0.0865
0.12125
0.0945
0.09275
0.098
0.10375
0.1365
0.15275
0.13675
0.136
0.16725
0.17775
0.16125
0.15425
0.12575
0.15625
0.11775
0.13
0.123
0.157
0.137
0.15425
0.156
0.14075
0.14825
0.1365
0.1345
0.1405
0.1255
0.1105
0.0785
0.08625
0.0505
0.047
0.06275
0.078
0.06275
0.07
0.052
0.04425
0.0355
0.068
0.12525
0.1165
0.11275
0.14075
0.13625
0.12875
0.1555
0.13725
0.1375
0.1205
0.11825
0.11775
0.08825
0.095
0.11725
0.12025
0.13075
0.16425
0.151
0.20075
0.1015
0.09525
0.0705
0.09875
0.10175
0.0605
0.0285
0.02475
0.002
-0.0185
0.01325
0.032
-0.00375
-0.029
-0.014
0.01825
0.017
0.00975
0.0185
-0.02225
-0.012
-0.027
-0.06725
0.01125
0.01175
-0.0345
-0.01075
-0.01725
-0.03925
0.0155
-0.00575
0.0085
0.04525
0.061
0.06275
0.0305
0.04925
0.0345
0.058
0.05175
0.06875
0.048
0.05475
0.067
0.08975
0.0855
0.14
0.0135
0.09875
0.16325
0.1525
0.16375
0.15725
0.17075
0.1875
0.1365
0.1455
0.1715
0.13525
0.15575
0.17075
0.10825
0.04175
0.059
0.08375
0.04475
0.082
-0.001
0.06775
0.0955
0.14275
0.10325
0.228
0.0745
0.09225
0.106
0.064
0.07075
0.0795
0.0745
-0.02025
-0.00925
0.00775
0.071
0.03325
0.0325
0.1025
0.0645
0.14575
0.091
0.08875
0.107
0.13
0.08175
0.1325
0.1255
0.14225
0.11725
0.1385
0.1225
0.1475
0.097
0.0795
0.07625
0.117
0.1125
0.11725
0.1455
0.1705
0.14175
0.05875
0.14775
0.05075
0.06175
0.10875
0.09875
0.11225
0.1135
0.165
0.124
0.10475
0.1175
0.087
0.07275
0.05425
0.05575
0.07275
0.0495
0.05325
0.06875
-0.041
0.025
0.05575
