0.42225
1.212
0.6575
0.3375
0.88025
0.5470001
0.6102501
0.3335
-0.22625
0.596
0.45
-0.07225
-0.9385
-0.04575
-1.12825
-1.2495
-0.913
-0.209
-0.3295
-0.8545001
0.118
0.73825
0.2065
-0.101
0.25925
-0.50125
-0.5375
0.058
0.06625
1.05225
1.04075
0.689
0.0545
-0.1325
-1.35725
-1.241
-0.54025
-0.20425
-0.27175
0.3005
1.6455
2.05625
1.948
0.17775
0.07675
-0.098
0.38475
0.53925
0.89275
1.0545
0.5415
0.41975
0.4975
0.482
0.13625
-0.0985
0.90075
0.47125
0.188
-0.32275
-0.1525
0.068
0.01475
0.049
1.591
1.539
1.29675
1.48025
1.38175
0.97
0.7575001
1.675
0.99275
1.55475
1.26675
1.07325
1.14625
1.0005
1.05975
1.17475
-0.10075
-0.564
-0.1515
0.6720001
0.86625
0.817
0.81875
0.14825
0.29425
0.548
0.4605
-0.121
0.13925
-0.28325
-0.46
-0.171
-0.5840001
-0.37025
0.07375
-0.7735
-1.301
-1.1605
-0.8605
-1.53325
0.45775
0.0105
-0.33825
-0.929
-0.5420001
-0.2555
-0.0705
-0.538
-0.7175
-0.329
0.25975
-0.65925
-0.79875
0.03
0.37425
0.55975
-0.655
-0.754
-0.43975
-0.80375
-0.29525
-1.4035
-1.4585
-1.13975
-0.18475
0.11375
-0.03625
-0.0395
0.04875
0.072
-0.0665
0.05975
-0.313
0.2015
0.04225
0.357
0.096
0.18675
0.2765
-0.48625
-0.0595
-0.40525
-0.19125
-0.3285
-0.6475
-0.445
0.566
0.41
0.9960001
1.03
1.0575
0.9495
1.02
0.9125
0.9422501
1.048
1.27125
1.37825
1.18175
0.9530001
1.12725
1.09275
0.465
0.3815
0.363
0.43225
0.9435
0.30125
0.00075
-0.582
-0.03075
-0.5195
-0.5385
-1.2225
-1.16375
-0.67075
-0.29125
0.54975
0.5790001
0.12125
0.874
-0.3575
0.81025
-0.39675
-0.78175
-0.1025
0.042
0.2905
0.5735
0.3825
-0.257
-0.2595
0.2855
0.45275
1.05525
0.6525
0.86725
-0.05025
-0.19575
0.17925
0.869
0.45625
-0.149
0.84825
0.3545
-0.0845
-1.6785
-0.3915
-0.03325
0.234
0.51375
0.47125
0.20625
0.397
1.138
0.8695
0.6735001
0.14175
-0.23775
-0.554
-0.29875
0.5995
0.55875
0.83775
0.70575
0.4165
0.4645
0.04775
0.51525
0.8345
1.2015
0.7622501
0.459
-0.17425
-0.614
-0.677
-0.11075
-0.23225
-0.341
-0.375
0.30775
0.45525
0.8257501
1.01325
1.07525
0.81775
0.85975
0.6242501
1.0365
1.57075
0.19375
-1.273
-1.42725
-0.81975
-1.1735
-1.50475
-2.4605
-1.8225
-0.8045
-0.49325
-0.73225
-0.55625
-0.189
-0.289
-0.1305
-0.101
-0.286
-0.55
0.02175
0.1885
0.24125
0.313
0.77025
0.5555
0.671
0.003
0.166
0.138
-0.14575
-0.1255
0.088
0.443
0.62975
-0.06475
-0.3785
-0.70225
-0.01775
-0.54825
-0.13725
0.2555
-0.34275
-0.5905001
-1.2725
-1.7505
-1.34625
-1.49975
-1.6225
-1.54025
0.148
-0.259
-0.32275
-0.31525
-1.63775
-1.32575
-0.5065
0.0825
0.47575
0.09125
-0.48925
1.22725
0.0745
0.14525
-0.54925
0.1515
0.00525
-0.13225
-0.42925
-0.17325
-0.2015
0.10925
-0.5075001
-0.023
-1.16475
-1.25875
-1.09425
-0.2665
-0.20425
-0.4165
-0.84175
-0.8520001
-0.509
-0.52175
-0.8995001
-0.276
-0.69925
-1.065
-1.04125
-1.1525
-0.99275
-0.86225
-0.785
-0.646
-0.78475
-0.4645
-0.75775
-0.07575
0.31425
0.1865
0.28825
0.58925
-0.65525
-0.489
-0.6155
-1.1205
-0.404
-0.499
0.0095
-0.021
0.20725
0.419
0.6115
0.81475
0.591
0.64125
0.638
0.5745
0.5565
0.6845
0.4935
0.52875
0.304
-0.313
0.4505
0.2895
0.7465
0.809
0.7327501
0.25875
-0.02425
0.325
0.44175
0.62775
0.08675
-0.03725
0.23825
0.397
0.69775
0.645
0.5505
0.8707501
0.8475
0.5100001
0.436
0.36975
0.30975
0.332
1.03675
0.46375
0.231
0.22075
0.1165
0.18525
0.419
0.79375
1.2265
1.0845
1.6735
1.04625
0.55175
0.4
-0.1315
-0.3905
-0.286
-0.458
-0.38775
-0.0
-0.366
-0.055
0.63175
0.58525
0.42625
0.751
-0.78275
-0.89775
-0.43975
-1.00075
-1.18275
-0.6305
-0.72275
-0.49175
-0.5735
-0.689
-1.07225
-0.59
0.3715
1.0555
0.26075
-0.05175
-0.511
-0.39475
-0.601
-0.826
-0.1995
-0.58925
-0.36025
-0.26925
0.0035
-0.578
-0.3545
0.08625
0.095
0.10175
0.45325
0.3625
-0.219
-1.07575
-1.079
-1.13825
-0.86575
-0.01875
-0.0705
-0.0085
-0.307
-0.0955
0.1105
0.47
0.134
0.36725
0.2155
0.19525
0.2935
0.34325
0.4965
0.4645
0.30575
0.60275
0.4105
0.445
0.28825
-0.6755
-0.52675
-0.7147501
-1.0425
-0.491
-0.5245
-0.3195
-0.36225
-0.21025
0.07125
0.6850001
0.6810001
1.15175
1.278
1.14925
1.02075
0.528
0.06625
-0.03725
-0.276
-0.13025
-0.1885
-0.4235
-0.3575
0.3215
0.1645
0.1295
-0.11275
-0.288
-0.11075
0.486
0.1805
0.075
0.378
0.046
-0.082
-0.043
0.001
-0.04575
0.16275
-0.149
0.21525
-0.59775
-0.24875
-0.50425
-0.655
-1.12375
-0.58775
0.4585
0.785
0.52
0.5757501
0.2885
0.46375
0.82175
0.4065
0.3605
0.045
-0.1465
-0.18225
-0.11225
0.014
0.1235
0.3665
0.16975
0.313
0.105
-0.16425
-0.36475
-0.221
-0.207
-0.0985
-0.128
0.02625
0.0945
0.22525
0.1665
0.92475
-0.02425
0.45275
0.42775
0.34125
0.58175
-0.10125
-0.121
-0.3335
-0.0095
0.1025
-0.212
-0.12
0.451
0.012
0.69725
1.00125
0.33775
0.346
0.02775
0.13525
0.293
0.612
1.21025
1.55225
1.3575
0.88775
0.7695
0.47075
-0.17775
0.5095
0.07025
-0.1305
-0.219
-0.29625
0.196
-0.3075
-0.45675
-0.11475
-0.3715
-0.2505
0.09825
-0.45175
-0.439
0.24625
0.03075
-0.39325
-0.25425
-0.29275
-0.5625
-0.2545
0.93525
0.11125
-0.31475
-0.46875
-0.74
-0.34175
-0.086
-0.0625
-0.0055
0.173
0.33825
0.32575
0.50925
0.57875
0.4555
0.28425
-0.00025
-0.0715
-0.0555
0.52675
0.5785
0.61
0.564
0.35775
0.284
0.1515
-0.14
0.3145
0.2115
0.192
0.20475
-0.0275
-0.1875
-0.03825
0.44325
0.58775
-0.052
0.41
0.5755
0.11075
0.19175
0.49225
0.59475
0.09975
0.08375
-0.0105
-0.21575
-0.0305
-0.14175
-0.06975
-0.16025
-0.15325
0.003
-0.15475
-0.041
-0.315
-0.20775
0.11225
-0.3265
-0.62525
-0.60225
-0.51925
-0.493
-0.1065
-0.3705
0.721
0.7492501
0.495
0.53575
0.349
0.0425
0.13725
-0.22925
-0.02
0.47575
0.261
0.349
0.23075
0.55325
0.50775
0.55525
0.0925
0.85875
1.07025
0.73675
0.70675
0.7492501
0.8385
0.7622501
0.4855
0.51525
0.01775
-0.29925
0.20525
0.49525
0.51875
0.084
-0.436
-0.668
-0.1645
0.326
0.84175
0.6210001
0.8815001
0.08325
0.5055
0.45575
-0.05625
-0.55875
0.063
0.1245
0.44175
-0.47425
-0.78425
-0.477
-0.37775
-0.285
-0.32175
-0.027
-0.68575
-0.7855
-0.766
-0.8035001
-0.5795
1.456
1.17825
0.98575
0.9355
0.62275
0.9075
0.81975
0.979
1.013
0.48375
0.4255
0.4305
-0.16375
-0.1305
0.10725
0.084
-0.00925
0.2735
0.6382501
0.55325
0.4575
0.48675
-0.36075
-0.5362501
-0.3615
-0.7622501
-0.2975
0.23125
0.25125
0.648
1.1
0.1445
-0.056
0.0065
0.723
0.91075
1.0245
0.9622501
0.0065
0.331
-0.18575
-1.109
-0.9982501
-0.2815
-0.9325001
0.189
-0.8285
-1.68075
-0.56475
-0.3925
-0.47825
-1.06
-0.69425
-0.9507501
-1.2875
-0.64175
-0.421
-1.26225
-1.155
-1.34475
0.33875
1.11925
1.25425
-0.43075
-0.54575
0.1885
0.674
0.62025
0.6975001
0.41
0.7417501
0.072
-1.271
-0.9585
-1.52125
-1.075
-1.0895
-0.3395
-0.66275
-0.7515
-1.18075
-0.63025
-0.20775
0.08125
-0.5795
0.10325
0.27425
-0.638
-1.2345
-0.92075
-1.29175
-2.323
-1.956
-1.39725
0.271
0.62375
1.55925
1.29125
0.16725
0.13275
0.8477501
-0.423
0.19
0.3945
0.49125
0.1145
-0.11425
-0.7417501
-0.68875
-0.79175
-0.31175
-0.5840001
-1.06425
-0.5045
0.00225
1.29225
0.17925
0.9620001
1.063
0.7360001
0.468
-0.139
-0.13675
0.084
-0.62575
-0.75925
-0.8835
-0.455
-0.7805001
-0.9645001
-0.83025
-0.562
-0.80075
-0.9135001
-0.928
-0.79975
-0.2475
-0.7632501
-0.9495
-1.07875
-1.13
-0.9825001
-0.83675
-0.78225
-0.5615
-0.5095
-0.56675
-0.35725
0.05425
0.12275
-0.563
-0.53475
-0.534
-0.35375
-0.44675
-0.40075
-0.627
-0.44525
-0.01525
0.41925
0.59575
-0.6990001
-0.2475
-0.4115
0.39125
0.7550001
0.472
-0.04125
-0.18725
-0.45925
-1.37775
-0.851
-0.8882501
0.202
0.87625
-0.1575
-1.899
-1.2875
-0.566
-0.99875
-0.4505
-0.4045
-0.40575
-0.17975
-0.32225
-0.41575
-0.4345
-0.29175
-0.218
-0.1095
-0.22675
0.22475
0.595
-1.2275
-0.874
0.15425
0.5775
0.40375
0.0115
0.13425
0.1045
-0.6867501
0.74825
0.35825
0.4825
0.5435
0.55175
-0.1115
0.013
-0.47075
-0.72
-0.79675
-0.8095
-0.30525
-0.4
-0.7645
-0.0345
-0.749
-0.825
0.218
0.02075
-0.4665
-0.07625
-0.206
0.022
-0.15025
0.01275
-0.123
-0.6855
-0.90575
-0.142
-0.0665
-0.11175
0.59475
0.494
-0.27825
0.029
0.7995
0.5015
0.48675
0.73575
0.7812501
0.48225
1.07275
0.36375
1.11425
1.553
1.66025
1.723
1.4375
0.83425
0.42125
0.2575
0.2095
0.138
0.104
0.28575
0.364
0.6135001
0.27925
0.41775
0.03675
0.00175
-0.73975
0.57975
0.633
-0.2545
0.2515
0.027
-0.2715
-0.3755
-0.6235
0.38625
0.521
-0.08625
0.88775
0.882
0.808
0.8985
0.8455001
0.712
0.85875
0.35725
1.0325
0.80325
0.56825
0.42925
-0.23575
0.09025
0.42125
0.4615
0.08475
0.38675
0.57025
0.45175
0.835
0.514
0.82025
0.9615
0.8995001
0.808
0.8425
1.02025
1.2
0.9845001
0.83325
0.70925
0.49175
0.399
0.546
0.25325
0.02225
0.16825
0.1815
-0.186
-0.65375
-0.724
-0.437
-0.32
-0.66275
-0.08775
-0.098
-0.06375
0.0715
-0.088
0.0915
0.08575
-0.10525
-0.3075
0.18025
0.19775
0.2095
0.502
-0.39225
-0.7410001
-0.24925
-0.33125
0.1335
0.352
0.19275
0.464
-0.00325
0.19025
-0.54975
-0.6300001
-0.46025
-0.7335001
0.16725
0.39525
0.4915
0.34825
0.15625
-0.864
-0.015
-0.1715
-0.1095
-0.0245
0.101
-0.068
-0.11275
0.44575
0.4775
0.474
-0.1015
-0.10025
0.58675
0.512
0.4695
0.1795
-0.166
0.4615
-0.28
-0.35725
-0.07875
0.034
0.23825
-0.079
-0.354
-0.26275
-0.01525
0.21375
0.44125
1.2175
0.66875
0.1655
0.23
0.3445
0.426
0.6555001
0.31875
0.22
0.4865
0.08225
-0.061
-0.359
0.6655
0.592
0.691
0.7645
0.6217501
0.423
-0.24425
-0.4785
-0.5272501
0.011
0.12575
0.29075
0.538
0.62925
0.54625
0.4695
0.28725
0.18125
0.1135
0.14975
0.49025
-0.00225
0.2265
0.808
0.001
0.0955
-0.03925
-0.118
-0.09375
-0.1765
-0.22825
0.0255
-0.1495
0.3035
0.2135
-0.24575
0.01075
-0.171
0.08475
0.29675
0.557
0.54675
0.71
0.50575
-0.22
-0.7095
-0.2785
-0.395
-0.5782501
-0.2255
-0.041
-0.7395
-0.955
-0.67875
-0.49525
-0.43625
-0.43
-0.149
-0.65975
-0.5445001
-0.55425
-0.8182501
-0.76375
-0.8365
-1.178
-1.1335
-0.69275
-0.50775
-0.56125
-0.41475
