0.173
0.1785
0.213
0.23525
0.2265
0.191
0.20525
0.1825
0.2045
0.19375
0.19075
0.1645
0.15
0.2155
0.17675
0.16475
0.104
0.12575
0.124
0.152
0.181
0.1995
0.132
0.13275
0.129
0.139
0.1005
0.111
0.10725
0.1305
0.163
0.1565
0.16575
0.163
0.20725
0.21375
0.2165
0.215
0.23
0.225
0.2155
0.22325
0.2185
0.213
0.19925
0.1685
0.1975
0.18575
0.19575
0.17075
0.18275
0.199
0.196
0.2115
0.2265
0.182
0.17925
0.18775
0.17425
0.1905
0.17475
0.16525
0.18375
0.165
0.16475
0.132
0.10125
0.12325
0.1365
0.096
0.0815
0.001
0.0285
0.0175
0.0325
0.00275
0.04325
0.00825
-0.003
0.004
-0.0095
-0.03575
-0.05025
-0.0585
-0.064
-0.048
-0.02275
0.005
0.01475
-0.01
-0.0185
-0.015
0.01775
-0.031
-0.043
-0.03875
-0.0495
-0.07975
-0.09425
-0.10625
-0.1135
-0.199
-0.18625
-0.19125
-0.13625
-0.0755
-0.056
-0.09375
-0.04125
-0.04825
-0.08075
-0.1075
-0.09325
-0.06
-0.0545
-0.1005
-0.12925
-0.21175
-0.14225
-0.09125
-0.06775
-0.07625
-0.0955
-0.0805
-0.03775
-0.0165
-0.153
-0.106
-0.088
-0.048
-0.07
-0.07375
-0.0565
-0.01275
0.00175
0.01725
-0.00975
0.08725
0.06875
0.008
-0.02325
-0.08
-0.07525
-0.057
-0.0415
-0.055
-0.0385
-0.17875
-0.2095
-0.1705
-0.19
-0.18575
-0.17525
-0.101
-0.1095
-0.079
-0.1215
-0.10625
-0.0805
-0.08225
-0.117
-0.088
-0.10825
-0.0905
-0.1065
-0.05275
-0.10175
-0.1075
-0.095
-0.13825
-0.1565
-0.106
-0.13825
-0.119
-0.13775
-0.133
-0.11475
-0.14075
-0.18225
-0.156
-0.154
-0.17675
-0.1645
-0.16025
-0.09725
-0.123
-0.081
0.0325
0.08175
0.0945
0.065
-0.00125
-0.058
-0.089
-0.07825
-0.059
-0.059
-0.1005
-0.10575
-0.1515
-0.15
-0.1755
-0.16775
-0.157
-0.12775
-0.107
-0.08525
-0.0455
0.03525
0.00025
0.01975
0.0585
0.032
0.01575
0.011
0.00175
-0.04375
-0.01775
-0.04375
-0.0135
-0.01825
-0.06175
-0.0805
-0.031
-0.051
-0.02325
-0.0415
-0.068
-0.033
-0.03
-0.02125
-0.0565
-0.05375
-0.11225
-0.135
-0.14625
-0.14475
-0.1565
-0.14825
-0.1135
-0.0565
-0.053
-0.0375
-0.04225
-0.04225
-0.01625
0.01125
0.0215
0.0015
0.026
-0.00275
-0.03275
-0.0425
0.02
0.04975
0.045
0.06725
0.083
0.128
0.12125
0.09425
0.08425
0.09125
0.091
0.10075
0.07775
0.00925
0.0095
0.01725
0.04725
0.08925
0.0645
0.09375
0.117
0.08375
0.085
0.096
0.0675
0.0375
0.04625
0.055
0.04125
0.03575
0.02425
0.03125
0.02275
-0.01425
0.01275
0.03325
0.0275
0.079
0.08475
0.07275
0.08525
0.12675
0.1255
0.142
0.17525
0.163
0.21575
0.2115
0.166
0.15425
0.149
0.13725
0.12875
0.11825
0.11575
0.10875
0.057
0.081
0.02575
0.02475
0.097
0.119
0.0795
0.0645
0.04
0.0535
0.035
0.043
0.0925
0.10375
0.09175
0.04625
-0.00625
0.0515
0.06325
0.119
0.1245
0.0975
0.10575
0.0935
0.0735
0.069
0.03675
0.05525
0.06725
0.057
0.0315
0.064
0.05875
0.056
0.057
0.03525
0.0075
0.0145
-0.02325
-0.014
0.013
0.00825
0.00925
0.01725
-0.001
0.058
0.0965
0.11575
0.1435
0.128
0.131
0.09925
0.1295
0.091
0.0905
0.093
0.0875
0.10875
0.15125
0.17075
0.20425
0.19825
0.22175
0.19875
0.184
0.17875
0.19475
0.1705
0.179
0.17375
0.15375
0.1545
0.141
0.092
0.091
0.1245
0.074
-0.00225
-0.09975
-0.11425
-0.09925
-0.09725
-0.085
-0.05075
-0.004
-0.03075
-0.01675
-0.0425
-0.02575
-0.04875
-0.096
-0.04475
-0.08
-0.0725
-0.089
-0.08775
-0.08575
-0.07975
0.0005
0.02
0.0325
0.0075
-0.052
-0.08525
-0.07
-0.0815
-0.106
-0.05275
-0.05
-0.0365
-0.0055
-0.02825
0.01525
0.00775
-0.00475
-0.02
0.01125
-0.0225
-0.057
-0.06825
-0.05675
-0.0655
-0.07025
-0.07025
-0.06775
-0.06775
-0.05675
-0.06775
-0.02375
-0.017
-0.023
-0.04925
-0.05225
-0.03475
-0.02575
-0.04925
-0.029
-0.00925
-0.03675
-0.0455
-0.11725
-0.14275
-0.018
0.04825
0.10425
0.06525
0.06425
0.07525
0.1065
0.093
0.15075
0.152
0.1735
0.164
0.13075
0.1055
0.06925
0.03775
0.00175
0.02425
-0.009
-0.01775
-0.00075
-0.0035
-0.01325
-0.01225
0.01175
0.02125
-0.0065
-0.05725
0.01825
0.01725
0.0165
0.03525
0.02325
0.019
-0.03675
-0.0415
-0.0725
-0.087
-0.0995
-0.097
-0.10225
-0.08325
-0.082
-0.07825
-0.05725
-0.0755
-0.094
-0.073
-0.05275
-0.06925
-0.042
-0.04125
-0.08425
-0.105
-0.1065
-0.11325
-0.11475
-0.081
-0.0815
-0.10025
-0.0925
-0.061
-0.0905
-0.07275
-0.07425
-0.06975
-0.0865
-0.05825
-0.0455
-0.02775
-0.033
-0.01
-0.0075
-0.01825
-0.00175
0.014
0.017
0.00625
0.003
0.0015
0.01625
0.04025
-0.02575
-0.03275
0.04625
0.03875
-0.0245
-0.03325
-0.07625
-0.07725
-0.071
-0.06425
-0.03525
-0.02025
0.00325
-0.0045
-0.01925
-0.042
-0.0445
-0.0545
-0.038
-0.037
-0.0225
-0.0285
-0.06225
0.02475
-0.00525
-0.03475
-0.04525
-0.028
-0.04925
-0.02975
-0.0245
-0.04325
0.01175
0.05975
0.087
0.0725
0.04825
0.0665
0.07725
0.067
0.05075
0.07625
0.11725
0.1565
0.12225
0.1535
0.118
0.11225
0.13425
0.1755
0.1255
0.0665
0.02875
-0.0175
-0.0195
-0.03625
-0.0385
-0.03625
-0.05
-0.04175
-0.04875
-0.031
-0.05025
-0.088
-0.06725
-0.0935
-0.08725
-0.07225
-0.05075
-0.04175
-0.0575
-0.09375
-0.0625
-0.0605
-0.0585
-0.0205
-0.03425
-0.02575
-0.00675
0.004
0.0045
-0.01725
0.011
0.031
-0.031
-0.01875
-0.01875
-0.02875
-0.027
0.041
0.085
0.12325
0.1145
0.1015
0.09775
0.095
0.0665
0.02075
0.01725
0.0145
0.03375
0.02225
0.0585
0.05875
0.06325
0.04575
0.06825
0.074
0.04525
0.05075
0.035
0.04075
0.05275
0.05675
0.0875
0.07275
0.0405
-0.0055
0.022
0.006
-0.011
0.0185
0.0345
0.01075
0.025
0.0405
0.03775
0.036
0.04225
0.03475
0.03575
0.0675
0.06425
0.038
0.00525
0.01025
0.03525
0.04725
0.03325
0.022
0.02425
0.04075
0.07725
0.032
0.0135
-0.0075
-0.0195
-0.0175
-0.0
0.00975
-0.05875
-0.001
0.0185
-0.05475
-0.052
-0.07225
-0.05425
-0.01975
-0.015
-0.02425
-0.0705
-0.07875
-0.08825
-0.10875
-0.11675
-0.11575
-0.118
-0.0945
-0.05675
-0.0805
-0.114
-0.11625
-0.1025
-0.11825
-0.09075
-0.0955
-0.10525
-0.05325
-0.05375
-0.0415
-0.03
-0.051
-0.014
-0.01475
-0.00275
-0.02025
-0.00425
-0.019
0.01225
-0.04
-0.021
-0.03725
-0.05375
-0.0495
-0.066
-0.10675
-0.07175
-0.0935
-0.102
-0.1045
-0.088
-0.05275
-0.0
-0.00025
-0.011
-0.00425
-0.0185
-0.017
-0.01325
-0.03325
-0.01625
0.002
-0.003
0.00425
0.03225
0.02975
0.00775
-0.00675
0.003
0.03675
0.056
0.059
0.0315
0.06375
0.058
0.1095
0.10825
0.1075
0.0635
0.05375
0.1205
0.08475
0.15725
0.228
0.14975
-0.1
-0.01075
-0.13625
-0.18075
-0.121
-0.01775
0.0705
0.097
0.03175
0.0865
0.0295
-0.045
0.00425
-0.026
-0.022
-0.06525
0.08175
0.23025
0.27925
0.2325
0.2455
0.22925
0.251
0.2875
0.2565
0.24275
0.24225
0.206
0.132
0.22525
0.338
0.35675
0.175
0.12525
0.16875
0.14625
0.2235
0.2635
0.226
0.0205
-0.07425
-0.0555
0.04225
0.14025
0.20425
0.14075
0.235
0.1445
0.1185
0.0335
-0.01925
-0.06825
-0.0255
-0.0515
-0.0605
0.00575
0.03725
-0.01375
0.08125
0.112
0.104
0.083
0.14475
0.09575
0.009
0.031
-0.00675
-0.01025
0.1015
0.124
0.235
0.3285
0.31625
0.3625
0.3785
0.34025
0.29875
0.3065
0.267
0.25075
0.23825
0.25775
0.187
0.13175
0.0925
0.068
0.091
0.1505
0.19325
0.24525
0.2955
0.26975
0.21175
0.182
0.141
0.16675
0.135
0.207
0.20075
0.189
0.1395
0.17825
0.2825
0.316
0.3065
0.30575
0.303
0.35425
0.3425
0.31125
0.27475
0.308
0.2475
0.19775
0.25075
0.277
0.34075
0.36175
0.34325
0.3065
0.375
0.34375
0.3365
0.3075
0.36725
0.35475
0.31425
0.338
0.35175
0.3725
0.346
0.3735
0.3195
0.28975
0.29175
0.3125
0.328
0.299
0.28
0.3155
0.2725
0.29975
0.3065
0.3475
0.3275
0.323
0.32425
0.2185
0.30575
0.3405
0.2185
0.12775
0.1745
0.089
0.12375
0.16325
0.14025
0.151
0.17325
0.09625
0.041
0.02375
-0.03825
-0.0295
-0.0065
0.0465
0.0925
0.146
0.1945
0.1485
0.05975
0.0725
0.00375
-0.03725
-0.234
-0.244
-0.05875
-0.178
-0.172
-0.08425
0.0215
0.02825
0.007
0.04875
0.061
0.0255
0.02125
0.0445
0.0235
-0.023
-0.016
-0.11475
-0.055
-0.052
-0.118
-0.08025
-0.0135
-0.095
-0.02375
-0.13675
-0.1805
-0.15675
-0.20075
-0.1945
-0.27625
-0.2335
-0.2755
-0.28625
-0.19325
-0.2565
-0.203
-0.111
-0.166
-0.13575
-0.2055
-0.199
-0.128
-0.05875
-0.06025
-0.02475
-0.012
0.03625
0.0385
0.01775
-0.08175
-0.06775
-0.20725
-0.33075
-0.411
-0.445
-0.44175
-0.41775
-0.39475
-0.40925
-0.316
-0.25425
-0.144
-0.27575
-0.2415
-0.2725
-0.319
-0.35825
-0.3585
-0.30175
-0.2965
-0.3015
-0.2835
-0.31425
-0.37625
-0.312
-0.25275
-0.22
-0.1665
-0.15775
-0.115
-0.1875
-0.18575
-0.2165
-0.32
-0.259
-0.2455
-0.22025
-0.22875
-0.1805
-0.24675
-0.26
-0.268
-0.27575
-0.31075
-0.33675
-0.34975
-0.23975
-0.20475
-0.19525
-0.10425
-0.0815
-0.07875
-0.05275
-0.1105
-0.18875
-0.19125
-0.21575
-0.19725
-0.2235
-0.243
-0.316
-0.27425
-0.2445
-0.22875
-0.31825
-0.31925
-0.27625
-0.21125
-0.23925
-0.26525
-0.26075
-0.2545
-0.25525
-0.23275
-0.2385
-0.2405
-0.2415
-0.2765
-0.2805
-0.2215
-0.23925
-0.2535
-0.1555
-0.15325
-0.14975
-0.106
-0.11125
-0.142
-0.12825
-0.18575
-0.1715
-0.23425
-0.226
-0.226
-0.20025
-0.18375
-0.18225
-0.12125
-0.1165
-0.0985
-0.092
-0.05925
-0.09
-0.13475
-0.15675
-0.11775
-0.096
-0.1325
-0.16275
-0.141
-0.118
-0.0835
-0.1065
-0.14775
-0.17675
-0.20525
-0.136
-0.174
-0.1705
-0.20625
-0.17975
-0.1465
-0.24175
-0.1965
-0.126
0.0045
0.03125
-0.017
-0.04375
-0.04225
-0.07075
-0.10475
-0.13825
-0.152
-0.12475
-0.05625
-0.03675
-0.05825
-0.104
-0.11325
-0.14675
-0.07425
-0.049
-0.05525
-0.14775
-0.11675
-0.2255
-0.20825
-0.2205
-0.2125
-0.19175
-0.1995
-0.1865
-0.21575
-0.1805
-0.23275
-0.306
-0.26025
-0.212
-0.19275
-0.30475
-0.3285
-0.35
-0.31575
-0.248
-0.26
-0.271
-0.26175
-0.22025
-0.25175
-0.25675
-0.24225
-0.20925
-0.2175
-0.2235
-0.2765
-0.27725
-0.2795
-0.23575
-0.255
-0.2035
-0.14725
-0.18925
-0.04725
-0.00125
-0.08025
-0.092
-0.10175
-0.09725
-0.0955
-0.08325
-0.0755
0.01025
0.01675
-0.059
-0.0715
0.015
-0.0715
-0.22
-0.187
-0.228
-0.273
-0.2315
-0.207
-0.151
-0.13925
-0.1515
