0.01425
0.026
-0.031
0.08475
0.0495
0.15725
0.25375
0.201
0.0905
0.03775
0.14725
0.135
0.15
0.1615
0.318
0.4165
0.32925
0.32
0.21125
0.16525
0.3075
0.242
-0.02975
0.01375
0.153
0.169
0.1245
0.182
0.2205
0.17975
0.148
0.051
0.10125
0.1505
-0.01175
0.02
-0.03825
-0.05325
0.02225
0.02875
0.05325
0.03025
-0.016
-0.15175
-0.12175
-0.0505
0.0055
-0.04475
-0.00525
0.00575
0.015
-0.0485
-0.0925
-0.11725
-0.12125
-0.12925
-0.1885
-0.22875
-0.19375
-0.28425
-0.43425
-0.256
-0.2015
-0.16875
-0.18075
-0.142
-0.14725
-0.2245
-0.22375
-0.213
-0.22125
-0.22625
-0.0985
-0.1425
-0.1255
-0.02525
0.053
-0.01425
-0.00875
-0.105
-0.03375
-0.04875
-0.032
-0.154
-0.10975
-0.1095
-0.10275
-0.10375
-0.05075
-0.08375
-0.0415
-0.07325
-0.21025
-0.1395
-0.097
-0.091
-0.06875
0.01175
-0.07375
-0.1905
-0.16075
-0.035
-0.13725
-0.165
-0.123
-0.17125
-0.2045
-0.16575
-0.092
-0.09725
-0.0995
-0.14825
-0.1145
-0.097
-0.083
-0.32025
-0.251
-0.303
-0.25775
-0.2345
-0.37375
-0.34425
-0.3515
-0.316
-0.28175
-0.34975
-0.4065
-0.435
-0.397
-0.2665
-0.4125
-0.3485
-0.37
-0.39275
-0.37425
-0.44575
-0.44225
-0.4915
-0.45
-0.5385
-0.581
-0.55075
-0.631
-0.58075
-0.6235
-0.65925
-0.63275
-0.624
-0.5975
-0.7122501
-0.63525
-0.7395
-0.7147501
-0.71325
-0.608
-0.49825
-0.552
-0.64
-0.53125
-0.445
-0.45725
-0.4975
-0.3665
-0.2695
-0.2795
-0.313
-0.2685
-0.18425
-0.159
-0.1865
-0.1805
-0.1735
-0.0475
0.0615
0.10525
0.098
0.09675
0.00375
0.03075
-0.0065
-0.077
0.07525
0.15425
0.08075
0.11725
-0.11775
-0.14125
0.01925
-0.06175
-0.1585
-0.19
-0.12425
-0.12725
-0.12925
-0.20275
-0.12
0.11175
-0.00425
0.0835
0.097
0.149
0.173
0.11525
0.12875
0.1115
0.1295
0.0635
0.072
0.0885
0.001
0.062
0.02825
0.0655
0.119
0.08825
0.03375
0.0035
0.025
-0.067
0.01975
0.06175
0.157
0.11125
0.1495
0.1025
0.1075
-0.013
-0.064
0.04875
0.06
0.05475
0.0585
0.13875
0.28125
0.3695
0.53825
0.445
0.16
0.08225
0.154
0.23975
0.27525
0.27225
0.14825
0.21875
0.19925
0.15525
0.18225
0.148
0.0695
0.12975
0.171
0.11
0.0355
0.05
0.1435
0.1005
0.1835
0.14075
0.16425
0.1175
0.057
0.044
0.04725
0.013
-0.121
-0.194
-0.098
-0.04975
-0.03175
-0.048
-0.14425
-0.131
-0.15125
-0.20125
-0.07025
-0.00375
-0.1075
-0.10325
-0.084
-0.08925
-0.0565
-0.03075
-0.05275
-0.07275
-0.13925
-0.2395
-0.21225
-0.24475
-0.333
-0.2865
-0.36
-0.408
-0.41075
-0.33225
-0.41125
-0.40475
-0.381
-0.4485
-0.544
-0.52225
-0.5935
-0.37175
-0.43925
-0.53
-0.58775
-0.8247501
-0.6855
-0.6357501
-0.65775
-0.7345001
-0.77375
-0.873
-0.74575
-0.71775
-0.69025
-0.777
-0.7615001
-0.83825
-0.9087501
-0.85725
-0.7545
-0.6975001
-0.75475
-0.73575
-0.71675
-0.66225
-0.63725
-0.56925
-0.44825
-0.675
-0.927
-0.8415
-0.8395001
-0.7985001
-0.714
-0.7575001
-0.723
-0.70225
-0.7902501
-0.923
-0.8117501
-0.7460001
-0.8520001
-0.84325
-0.8185
-0.66475
-0.80775
-0.66925
-0.58825
-0.5405
-0.5115
-0.54975
-0.4895
-0.4165
-0.4485
-0.5475
-0.504
-0.6005
-0.601
-0.627
-0.631
-0.63775
-0.67825
-0.6545
-0.58625
-0.58325
-0.526
-0.4565
-0.44825
-0.44275
-0.3955
-0.49725
-0.5005
-0.562
-0.5330001
-0.51525
-0.52575
-0.6265
-0.473
-0.44975
-0.5015
-0.612
-0.703
-0.8947501
-0.7375
-0.772
-0.569
-0.6777501
-0.6225
-0.562
-0.4215
-0.42075
-0.42375
-0.52775
-0.655
-0.74875
-0.7417501
-0.7820001
-0.754
-0.7812501
-0.72175
-0.59675
-0.69125
-0.652
-0.6522501
-0.69675
-0.75025
-0.7615001
-0.643
-0.71525
-0.6497501
-0.67575
-0.61
-0.605
-0.6225
-0.59275
-0.51525
-0.3775
-0.518
-0.50425
-0.54275
-0.5125
-0.3825
-0.40175
-0.409
-0.4405
-0.49925
-0.41625
-0.39975
-0.3555
-0.4115
-0.4525
-0.46025
-0.48625
-0.33475
-0.55425
-0.306
-0.32175
-0.747
-0.7730001
-0.6395
-0.5985
-0.60425
-0.563
-0.301
-0.51675
-0.67375
-0.68475
-0.7960001
-0.8142501
-0.8225001
-0.7915
-0.9077501
-0.84275
-0.8525
-0.8807501
-0.9160001
-0.8997501
-0.91725
-0.706
-0.8535001
-0.7327501
-0.8617501
-0.86725
-0.81025
-0.7525001
-0.6605
-0.6805
-0.5865
-0.7517501
-0.563
-0.41025
-0.33475
-0.49225
-0.6025
-0.5897501
-0.5642501
-0.6637501
-0.67625
-0.7122501
-0.7122501
-0.705
-0.43
-0.53175
-0.404
-0.484
-0.56975
-0.71975
-0.82925
-0.8545001
-0.8285
-0.8335
-0.7795
-0.729
-0.7812501
-0.7825
-0.74125
-0.8282501
-0.7532501
-0.8385
-0.93025
-0.6085
-0.743
-0.69975
-0.71025
-0.48625
-0.561
-0.55325
-0.585
-0.59975
-0.6390001
-0.6475
-0.73175
-0.6885
-0.69525
-0.6817501
-0.7135
-0.4355
-0.42425
-0.50425
-0.55125
-0.5945
-0.53975
-0.57025
-0.581
-0.632
-0.60325
-0.6955
-0.577
-0.53375
-0.59025
-0.56975
-0.5425
-0.622
-0.42475
-0.6585
-0.6375
-0.65125
-0.6217501
-0.6955
-0.6267501
-0.7072501
-0.68575
-0.7787501
-0.82425
-0.677
-0.7435001
-0.5840001
-0.531
-0.5735
-0.66575
-0.81125
-0.7460001
-0.78525
-0.7830001
-0.651
-0.701
-0.682
-0.723
-0.7590001
-0.9035
-0.8565
-0.598
-0.54
-0.9515001
-0.906
-0.9052501
-0.83275
-0.659
-0.69275
-0.7845001
-0.8545001
-0.7295001
-0.7040001
-0.525
-0.5560001
-0.5705
-0.5420001
-0.6217501
-0.5470001
-0.53025
-0.5642501
-0.54425
-0.5575
-0.6685
-0.661
-0.52675
-0.5455
-0.518
-0.5735
-0.6035
-0.55625
-0.60025
-0.516
-0.563
-0.53525
-0.5190001
-0.37525
-0.466
-0.3685
-0.61825
-0.65675
-0.7785
-0.7075
-0.79325
-0.82125
-0.9265
-0.9065
-0.6755
-0.75775
-0.72275
-0.9077501
-0.8825001
-0.86475
-0.7970001
-0.8625
-0.78525
-0.6785001
-0.7805001
-0.74
-0.57425
-0.56625
-0.43125
-0.51675
-0.54
-0.45475
-0.58775
-0.62
-0.73675
-0.822
-0.68
-0.8565
-0.9762501
-0.7965
-0.65375
-0.6545
-0.3155
-0.4125
-0.45575
-0.45225
-0.4765
-0.486
-0.50025
-0.548
-0.484
-0.423
-0.36675
-0.396
-0.413
-0.441
-0.5330001
-0.50075
-0.51975
-0.49325
-0.4835
-0.531
-0.389
-0.32325
-0.239
-0.3015
-0.31675
-0.273
-0.262
-0.2975
-0.27925
-0.2705
-0.2415
-0.333
-0.20175
-0.15
-0.105
-0.16575
-0.10425
-0.16025
-0.2165
-0.19925
-0.26075
-0.1965
-0.3525
-0.32375
-0.23775
-0.28575
-0.311
-0.2985
-0.24475
-0.17425
-0.363
-0.2695
-0.27825
-0.26175
-0.27025
-0.21375
-0.19925
-0.3375
-0.32875
-0.36325
-0.37475
-0.32025
-0.31075
-0.31125
-0.241
-0.361
-0.35925
-0.404
-0.37325
-0.4995
-0.5045
-0.35775
-0.40525
-0.3635
-0.4995
-0.54625
-0.50975
-0.30775
-0.20975
-0.2925
-0.29425
-0.37125
-0.34875
-0.36575
-0.41
-0.4045
-0.376
-0.30575
-0.32475
-0.41525
-0.38
-0.376
-0.4735
-0.512
-0.489
-0.5235
-0.49375
-0.42925
-0.4085
-0.312
-0.32275
-0.26575
-0.32525
-0.299
-0.3
-0.27975
-0.33275
-0.30875
-0.33725
-0.3335
-0.36375
-0.423
-0.383
-0.24125
-0.1675
-0.193
-0.202
-0.264
-0.20475
-0.19925
-0.18075
-0.12575
-0.14475
-0.162
-0.189
-0.1765
-0.1655
-0.14275
-0.08475
-0.1505
-0.15475
-0.17
-0.1765
-0.103
-0.0735
-0.139
-0.1235
-0.08125
-0.1255
-0.133
-0.1445
-0.119
-0.126
-0.1475
-0.129
-0.2805
-0.38025
-0.32925
-0.31275
-0.3105
-0.31925
-0.294
-0.29325
-0.365
-0.31
-0.278
-0.329
-0.3325
-0.2505
-0.3205
-0.25675
-0.174
-0.1195
-0.13125
-0.2945
-0.38725
-0.4095
-0.34925
-0.4355
-0.5645
-0.5415
-0.58025
-0.64375
-0.72325
-0.81625
-0.8297501
-0.83675
-0.86475
-0.85875
-0.8595001
-0.874
-0.8502501
-0.8
-0.8132501
-0.896
-1.0175
-0.969
-1.0095
-0.93525
-0.90025
-0.82925
-0.791
-0.75875
-0.74125
-0.71325
-0.71
-0.7392501
-0.75775
-0.747
-0.82525
-0.9112501
-0.8235
-0.92125
-0.9145001
-0.8890001
-0.738
-0.715
-0.6587501
-0.58425
-0.5775
-0.595
-0.65825
-0.70175
-0.7385001
-0.712
-0.7025
-0.799
-0.822
-0.80125
-0.714
-0.7065001
-0.808
-0.771
-0.8025
-0.7912501
-0.8700001
-0.7595
-0.7455
-0.8065
-0.8750001
-0.826
-0.8135
-0.881
-0.91
-0.93375
-0.93625
-0.92975
-0.8375
-0.8872501
-0.8890001
-0.8495001
-0.83775
-0.839
-0.7675
-0.8585001
-0.867
-0.8695
-0.9087501
-0.9160001
-0.8855
-0.8765001
-0.729
-0.85575
-0.8355001
-0.7605
-0.8005
-0.81775
-0.7715001
-0.84525
-0.869
-0.8605
-0.77925
-0.70175
-0.72725
-0.721
-0.7722501
-0.82925
-0.6677501
-0.575
-0.57725
-0.559
-0.6955
-0.69925
-0.7485
-0.78225
-0.6932501
-0.6745
-0.70875
-0.61825
-0.66225
-0.64875
-0.7417501
-0.78825
-0.7995
-0.81375
-0.84675
-0.7730001
-0.77175
-0.82375
-0.86
-0.7865
-0.73725
-0.714
-0.7635
-0.74775
-0.7615001
-0.7975
-0.79475
-0.72425
-0.753
-0.7405
-0.7360001
-0.7697501
-0.72075
-0.761
-0.7875
-0.721
-0.78825
-0.76625
-0.9250001
-0.882
-0.9210001
-0.92575
-0.9745001
-0.9695001
-1.0055
-0.998
-1.006
-0.9525
-0.961
-0.8487501
-0.8735
-0.853
-0.8825001
-0.8665
-0.83075
-0.9170001
-0.96025
-0.9737501
-1.00625
-0.9620001
-0.9385
-0.99125
-0.9505001
-0.966
-0.96325
-1.0345
-0.9465001
-0.98575
-1.065
-0.9392501
-0.80125
-0.8085001
-0.7607501
-0.8095
-0.9432501
-0.983
-0.82875
-0.7325
-0.75975
-0.7345001
-0.7780001
-0.8475
-0.7830001
-0.71025
-0.724
-0.7735
-0.76175
-0.724
-0.6817501
-0.6575
-0.72
-0.6982501
-0.7245001
-0.777
-0.7647501
-0.798
-0.86075
-0.90425
-0.9285001
-0.9350001
-0.9482501
-1.02975
-1.11125
-1.1355
-1.17375
-1.22
-1.188
-1.2425
-1.18575
-1.1865
-1.22825
-1.218
-1.2265
-1.33575
-1.25125
-1.30775
-1.25575
-1.25875
-1.3225
-1.27775
-1.41725
-1.41925
-1.3635
-1.36025
-1.35675
-1.42725
-1.386
-1.34025
-1.2645
-1.21125
-1.1875
-1.114
-1.08
-1.1545
-1.29575
-1.16075
-1.1995
-1.14625
-1.05825
-1.1095
-1.03625
-0.95025
-0.98825
-1.034
-1.026
-1.0305
-0.9105
-0.92875
-1.01875
-1.01275
-0.9910001
-0.9065
-0.9062501
-0.8782501
-0.91425
-0.9590001
-0.9152501
-1.0075
-0.9572501
-0.9635
-0.934
-0.9022501
-0.91325
-0.9647501
-0.9595001
-0.86775
-0.92475
-0.96675
-1.0485
-0.9162501
-0.9687501
-0.92
-0.9265
-0.9677501
-1.0045
-0.869
-0.8972501
-0.8335
-0.7730001
-0.956
-1.0035
-1.16725
-1.06675
-1.146
-1.30875
-1.28225
-1.369
-1.43475
-1.39475
-1.38725
-1.356
-1.421
-1.464
-1.389
-1.48925
-1.50525
-1.6155
-1.55975
-1.58275
-1.4905
-1.30575
-1.45875
-1.6385
-1.5425
-1.63525
-1.68775
-1.69025
-1.73275
-1.759
-1.734
-1.84625
-1.89725
-1.68575
-1.797
-1.882
-1.739
-1.58325
-1.6135
-1.661
-1.6505
-1.47875
-1.44625
-1.42975
-1.442
-1.42975
-1.45275
-1.4385
-1.373
-1.43675
-1.45825
-1.459
-1.43875
-1.399
-1.46075
-1.47125
-1.44875
-1.4655
-1.45575
-1.4725
-1.44175
-1.45175
-1.495
-1.5165
-1.62925
-1.549
-1.27875
-1.309
-1.228
-1.27925
-1.258
-1.2235
-1.287
-1.31575
-1.2555
-1.3885
-1.4835
-1.584
-1.6775
-1.58825
-1.64825
-1.5415
-1.58525
-1.6045
-1.553
-1.56925
-1.55
-1.56
-1.596
-1.62975
-1.70525
-1.59425
-1.52925
-1.54175
-1.54225
-1.5915
-1.565
-1.48575
-1.5
-1.535
-1.57275
-1.55175
-1.55325
-1.40375
-1.5025
-1.55675
-1.41575
-1.44925
-1.44
-1.45225
-1.5075
-1.51125
-1.52475
