-0.4103037
0.3293955
-0.0200313
0.6959987
1.60433
-0.1531637
-0.4045026
1.008386
1.323565
2.326019
-0.853803
-0.1610442
1.669603
0.4108317
0.3941204
-0.4859496
-0.2713674
0.412729
-0.5046083
0.8326166
0.5569105
-0.3885942
-0.0924532
-0.1779642
1.329145
0.8099391
-0.3644433
-0.9532794
-0.5411128
1.654852
-0.3045265
1.390109
0.4004672
0.8557603
0.3281018
0.0067151
1.317868
-0.540482
-0.3309201
-0.4765614
0.3137448
0.0182476
0.7860164
-0.0478062
0.5815082
-0.2018669
0.8297222
0.7025694
0.4273935
0.5222552
0.1084443
0.1798455
-0.0245828
-0.0407407
-0.0505078
-0.0014859
0.4546971
-0.1019143
0.3048038
1.162616
0.7339435
1.123636
0.7470025
0.0802485
0.3724558
0.2132162
0.2713783
-0.1547669
-0.3356967
-0.2755699
0.5889945
0.146955
-0.3375777
2.896574
0.5939518
-0.6213598
0.0744709
1.511142
2.517448
-0.144573
1.087471
-0.1309058
-0.7056965
0.2791966
0.0335459
-0.5362357
-0.6207278
0.6922811
1.231039
0.6637111
-0.1797695
0.5139379
0.0887888
0.6528707
0.7075912
-0.1158028
-0.6131331
-0.0631846
-0.143718
1.01008
0.3357987
0.016283
0.2503461
0.3295532
-0.3569434
-0.1485081
0.9630064
0.7475625
0.6777931
0.5931954
0.9903313
0.04169
0.5732214
0.8915722
0.3327118
0.5901521
0.6907433
1.382668
-0.9985806
0.7296398
-0.4469733
2.101044
0.0046342
-0.5557065
-0.0289935
0.0349318
0.5636203
1.023201
1.914563
1.734269
2.065954
0.1332409
0.7068958
0.4721789
0.2588125
0.3195006
0.1096925
0.1834847
0.3788791
-0.2568544
-0.1826359
0.3192668
0.5062688
0.4916545
0.5737951
0.9679243
0.7858387
1.012224
1.020042
0.5772167
0.7337227
0.9331577
0.371027
0.5133998
0.6544597
0.6598071
0.7046773
0.7614964
0.7765995
0.754401
0.8010248
1.066608
0.9971423
1.021141
1.015585
1.01128
0.962262
0.948289
0.9341668
0.6118767
0.7550635
0.6861072
0.8225244
0.4514581
0.7290888
0.8894107
1.043373
0.8927034
1.025519
0.9291041
0.9121341
0.6618636
0.9641784
0.7912915
0.9428692
0.8700601
0.9385675
0.9999961
1.00812
1.204747
1.310302
1.515522
1.44194
0.8633211
0.7777854
0.781162
0.0086313
0.0960018
0.5616421
0.5097477
-0.3242109
-0.9720265
-0.3090999
-0.5444546
-0.3249682
-0.4922737
0.0906257
0.0464202
-0.092904
-0.2686581
-0.0492134
0.205722
0.2444299
0.2003354
0.7234258
0.7527649
0.4220887
0.3406899
0.5193145
0.6333153
0.5559678
0.4672863
0.4382967
0.5589333
0.5568663
0.5909808
0.6797021
0.5948555
0.6862671
0.7579866
0.6849309
0.5376955
0.4250742
0.4413781
0.4945792
0.5227361
0.3847657
0.464561
0.466355
0.3032935
0.3499503
0.302388
0.4356186
0.4839681
0.3624377
0.532806
0.3270331
0.3514667
0.2801658
0.1659819
0.2159213
0.2591051
0.504128
0.3959672
0.3348034
0.2774307
0.3613935
0.3126213
0.4052834
0.3245472
0.1363457
0.2084478
0.2463972
0.6445603
0.9583535
0.6887534
0.9758698
0.9115628
0.8485829
0.810104
0.6597173
0.6087453
0.3321247
0.5075771
0.044724
0.5929463
0.7994794
0.7097637
1.69521
0.2353804
0.4406017
0.8252289
0.5986578
0.7335868
0.6088229
0.4776635
0.4943068
0.0945066
0.4007619
0.514981
0.3837541
0.3077895
0.4833115
0.5012876
0.4657885
0.6608792
0.3528491
-0.1092696
-0.3761052
-0.4051047
-0.4571685
-0.2129788
-0.1688039
-0.1732489
-0.1425942
-0.1674663
-0.2985047
-0.4798108
-0.2619976
-0.1514204
-0.3341729
-0.1051391
-0.0669312
-0.1475389
-0.1299741
-0.2296232
-0.2872038
-0.1724108
-0.1699909
-0.4217313
-0.7306001
-0.4983048
-0.3622877
-0.4666229
-0.4898289
-0.2093199
-0.280428
-0.2980157
-0.196535
-0.7175111
-0.3048269
-0.2553791
-0.266297
-0.4804514
-0.706908
-0.769572
-1.121049
-1.347388
-1.042562
-1.503042
-1.782091
-1.12093
-1.070602
-0.8491957
-0.4798954
-0.3821523
-0.5338042
-0.7015286
-0.6570958
-0.7371535
-0.5814257
-0.7046003
-0.5673354
-0.8393346
-0.8032052
-0.6298878
-0.9628484
-0.8224233
-0.9297387
-0.8188877
-0.8211282
-1.019138
-1.078761
-0.9272264
-1.050521
-0.9330324
-0.9570148
-0.9175183
-1.004143
-1.053551
-1.189385
-1.117479
-0.6447595
-0.5931426
-0.6413054
-0.9253705
-0.5975266
-0.592476
0.109287
-0.0448636
-0.4402894
-0.4007172
-0.4650806
-0.5720688
-0.4313229
-0.7883956
-0.6822265
-1.167937
-1.098002
-1.096506
-1.007219
-1.118006
-1.381303
-1.680985
-1.782406
-1.576735
-1.449259
-1.541794
-1.2656
-1.256454
-1.31382
-1.544256
-1.465144
-1.525954
-1.561193
-1.439704
-1.35607
-1.352434
-1.367801
-1.020907
-0.904588
-1.404898
-1.533242
-1.675012
-1.174359
-0.8738754
-0.7244211
-0.5165125
-0.3306419
-0.3880285
-0.2350807
-0.0325778
-0.1695718
-0.0045168
-0.040938
0.0405811
-0.0561319
0.0404093
0.2735079
0.3147682
0.3526398
0.4068241
1.065271
1.113348
1.244609
1.268496
1.397718
1.36201
1.326753
1.42513
1.34839
1.025149
0.7336625
0.5155635
0.7867419
0.7039253
0.2063392
0.1171302
0.2331704
-0.2444891
-0.3327389
-0.4956791
-0.3461227
-0.2923151
-0.6382691
-0.3391841
0.0932373
-0.027215
0.0736738
-0.3029197
-0.1479279
-0.4476081
-0.0207531
-0.4127896
-0.3482284
-0.0814966
-0.305039
0.0444657
0.0471107
0.1567395
-0.0267969
0.1887637
0.3853188
0.5142698
0.3252223
0.4095235
0.7871858
0.338149
0.7347869
0.9600278
-0.0934585
1.114528
0.9291636
0.9798238
1.154554
0.9716163
0.9233732
1.450009
0.0397604
0.2327091
0.516906
1.536129
1.542246
0.4031887
-0.2280639
-0.1108279
0.1933523
0.507048
0.3549164
0.4467457
0.521616
0.4537171
0.6020796
0.8625436
0.7133011
0.7409438
0.7569784
0.7247687
0.6155783
0.827111
0.7852699
0.7179966
1.054125
0.187425
-0.2020767
-0.6207983
-0.6448954
-0.4235232
-0.3307575
-0.8563799
-0.5455869
-0.4133522
-0.210882
0.2722369
0.3629355
0.2935111
0.2620983
0.4166537
0.5117925
0.5066031
0.4558603
0.493734
0.4629293
0.6418408
1.003335
0.8961602
0.8280697
0.8340998
0.8423904
0.912946
0.8057751
0.6762933
0.6980687
0.5705059
0.639133
0.3837202
0.5260677
0.3559403
0.3668137
0.4544977
0.6786159
0.768454
0.8414611
0.5928785
0.7594504
0.5578591
0.4101987
0.1223285
0.1907091
0.2264345
0.1463335
0.4359728
0.2686819
0.015247
0.48405
0.4268892
0.4716602
0.0789871
-0.092876
0.671805
0.57403
0.8105665
0.6425716
0.5054465
0.750886
0.6340844
0.9096532
0.3347336
0.0845514
0.1177195
-0.0183555
-0.019102
-0.1386852
0.2098475
0.2853991
0.1380267
0.4904118
0.6611331
0.7701077
0.8407559
0.7637615
0.7307734
0.7701214
0.8142105
0.7359656
0.7177206
0.8173084
0.8156869
0.9329485
0.8900315
0.7735003
0.5984287
0.6137936
0.5345091
0.5496062
0.5053468
0.6245537
0.5820025
0.6037018
0.5087056
0.4432675
0.5363852
0.7007462
0.7620131
0.8478103
0.6690195
0.6343607
0.70463
0.4650189
0.687257
0.5166246
0.2374312
0.4932496
-0.0459534
-0.0489233
-0.4224462
-0.323462
-0.4029962
-0.2102378
-0.0432355
0.2393931
0.4154898
0.2579598
-0.155167
-0.519436
-0.6279903
-0.4533203
-0.7151468
-0.4451891
-0.4164093
-0.3462396
-0.448697
-0.4661222
-0.1289807
-0.6118277
-0.9832945
-1.005939
-0.54782
-0.6468776
-0.924104
-0.8461881
-0.2589954
0.075908
0.0683845
-0.1197453
0.1324325
0.3392235
0.1274038
-0.2828725
-0.0877622
0.2130248
0.3899645
0.274215
0.2047828
0.1847128
0.235131
0.4919844
-0.1156478
-0.4577006
0.0556824
0.5380051
0.3380236
0.3359627
0.6466773
0.6373481
0.7027047
0.392693
0.0972567
0.0901595
0.3092857
0.2315251
0.0430713
0.3817097
0.435439
0.4263889
0.3274045
0.4637723
-0.0828883
-0.1633171
0.2058601
0.476445
0.2809968
0.4784965
0.2676535
0.2327974
0.4959847
0.4071319
0.5238892
0.385312
0.3111304
0.2074587
0.361308
0.2726353
0.3147682
0.3127005
0.3184087
0.3779333
0.3053651
0.3720697
0.2679099
0.3287579
0.4341298
0.339305
0.3802229
0.3514535
0.3130537
0.3754009
0.364022
0.3757665
0.4624512
0.2086338
0.4606732
0.3657825
0.2688892
0.231018
0.2737596
0.472409
0.5302486
0.5647093
0.4427423
0.3943062
0.5299425
0.5237631
0.611505
0.4937218
0.4949597
0.3715074
0.3266448
0.4051867
0.5226594
0.3475632
0.4373582
0.284482
0.4198052
0.4098825
0.3862348
0.3136102
0.1851558
0.2734624
0.1431116
0.1441165
0.355646
0.2308805
0.4054441
0.3379754
0.372362
0.2057301
0.1256072
0.1934711
0.1563369
0.2310302
0.2549253
0.2724583
0.2592235
0.345643
0.3287595
0.360142
0.2388888
0.2277238
0.3199645
0.4022821
0.5482233
0.4383061
0.3088879
0.3193759
0.3288587
0.3851058
0.1975075
0.2520739
0.2459147
0.1906485
0.3507055
0.3369526
0.3209483
0.2826469
0.2123674
0.3078912
0.4447903
0.5381046
0.5093133
0.4182552
0.3921644
0.3390104
0.265281
0.2012535
0.2461321
0.4554056
0.4102726
0.554472
0.8078554
0.6870342
0.8698347
0.6676727
0.5847297
0.5492103
0.4284745
0.5070054
0.4969943
0.4646463
0.4025484
0.4280979
0.4795793
0.3451315
0.3842649
0.3699686
0.4063345
0.3009479
0.3847918
0.4107669
0.499381
0.2733985
0.4917302
0.4868295
0.7120609
0.5133968
0.0320927
0.0883303
0.1441797
0.2453795
0.3776757
0.3358268
0.3876007
0.45773
0.398739
0.5538654
0.534471
0.3786015
0.6686645
0.5687126
0.4362881
0.5994301
0.1423452
-0.2098861
-0.1591584
-0.2325245
0.0786589
0.1912191
0.0079329
-0.4558444
-0.4239376
-0.3019551
-0.2000667
-0.2675862
0.0118073
0.2724201
0.0384712
0.031127
0.5844434
0.6470676
0.0068205
0.3646632
0.7791099
0.2252539
0.4574158
0.4813281
0.2582196
0.728072
0.6628124
0.3057723
0.4693659
0.0899383
0.0415851
-0.0588309
-0.0598575
-0.3439026
-0.6805724
-0.5656036
-0.6630881
-0.7842562
-0.5007592
-0.8143638
-0.3950579
-0.7405162
-0.4269094
-0.3769829
-0.4483574
-0.4156518
-0.4519705
-0.4169533
-0.3288818
-0.4734806
-0.7509997
-0.688302
-0.4870902
-0.5773938
-0.2288898
-0.6039937
-1.167115
-1.485025
-1.278867
-1.62086
-1.735772
-1.911731
-1.649053
-1.488735
-1.714147
-1.378914
-1.197589
-1.033383
-0.7740741
-0.3948881
-0.4782952
-0.5802717
-0.360788
-0.4564568
-0.2212513
-0.257682
-0.3671734
-0.4126401
-0.3856395
-0.7660449
-1.028241
-1.117551
-1.205686
-1.449999
-1.185694
-0.9767233
-0.9047484
-2.115051
-1.509673
-1.156954
-0.9523806
-1.191557
-0.3744239
-0.1501895
-0.1972025
-0.4077594
-0.6020243
-0.8256783
-1.209167
-0.7552905
-0.9231731
0.4784663
-0.5662106
-0.70144
-0.2750731
-0.5624915
-1.31699
-0.3002275
-0.8371399
-0.4336371
-0.2577314
-0.6870273
-0.9589504
-1.137923
0.2484768
0.0657607
-0.3748652
0.6365891
-0.2483691
-0.4687716
-0.7150396
-1.089843
-1.365388
-1.534387
-1.457188
-1.087102
-0.818956
-0.196778
-1.352347
-0.5107275
0.0650471
-0.8263679
-0.6649972
-0.7526065
-1.811026
-1.831505
-1.696563
-1.668817
-1.788772
-1.863043
-1.743977
-1.779759
-1.780904
-1.756139
-1.719141
-1.599095
-1.673944
-1.601113
-1.988112
-1.568563
-1.288975
-1.270637
-0.7739211
-0.9293998
-1.054437
-1.489721
-1.219907
-1.277426
-1.355574
-1.399094
-1.409692
-1.34048
-1.212103
-1.451352
-1.498243
-1.61387
-1.466274
-1.24343
-1.296467
-1.564607
-1.462489
-1.535214
-1.106352
-0.8720434
-1.036625
-0.9868147
-0.8133117
-0.9953007
-1.128981
-1.261751
-1.175151
-1.332548
-1.387828
-1.433969
-1.030623
-0.9659449
-0.9412001
-0.7383383
-0.7136117
-0.9285354
-0.989327
-0.6716428
-0.8049747
-0.4440023
-0.4339033
-0.1806594
-0.1898848
-0.439755
-0.693663
-0.4459401
-0.6454129
-0.5647015
-0.722616
-0.8809154
-0.9003134
-0.9208766
-0.9859879
-0.5558781
-0.7285497
-0.197643
-0.5848052
-0.4675279
0.3572473
-0.4319865
-0.6942622
-0.8499969
0.9563209
-0.435273
0.4741197
-0.3895515
-0.1945315
-0.1290573
-1.031438
-0.5095131
-0.800773
-0.7618867
-0.9631979
-1.212621
-1.203512
-1.056757
-0.942791
-0.8971906
-0.869504
-0.9501125
-1.276731
-1.098832
-1.451454
-1.435296
-1.639385
-1.351377
-1.174324
-1.082063
-0.9170268
-0.769487
-0.480432
-0.4120433
-0.2574314
-0.1854942
-0.3455668
0.0120734
-0.1915572
-0.1711828
-0.2215158
-0.2756789
1.463956
0.586518
0.7979919
0.9783181
1.154613
1.346004
2.011879
2.129786
2.00333
2.167758
2.328254
1.829406
1.433115
1.023183
1.107429
2.25898
1.643168
0.9283577
2.191885
2.061051
1.113613
1.142689
0.2618589
1.562201
1.791399
1.373788
0.6633306
1.599176
1.282929
1.840004
1.734522
1.274315
1.074454
0.9402702
1.046041
0.6685717
1.532548
2.309366
-0.2751233
0.9211169
0.6588517
2.327057
1.196559
0.5738194
1.700782
1.152603
1.409605
1.95264
1.205755
0.4622139
1.11802
1.500625
0.7167739
1.543736
1.495036
1.081207
1.455948
1.082576
0.7644206
1.754078
1.089488
1.063712
1.714941
1.865143
0.6060575
2.103967
0.5380949
0.9470606
-0.2094538
1.240036
0.7529873
1.142159
0.7659608
0.9815936
0.2844068
0.7670795
1.02385
1.044216
0.7905769
0.9880394
1.15885
0.4940871
1.065341
2.290666
0.5506847
0.7827452
1.312312
1.203105
0.2527956
1.628368
1.929628
2.229081
2.827843
1.802959
2.001668
0.8991377
1.442495
2.777085
2.701287
2.305418
1.477282
0.7441247
1.464219
0.7571352
0.7128648
