-1.8
-1.83
-1.8085
-1.85025
-2.06475
-2.557
-2.12175
-2.99
-2.31425
-2.1715
-2.08575
-2.07475
-2.04975
-1.96525
-1.95525
-1.75525
-1.83575
-1.75425
-1.87475
-1.64925
-1.7235
-1.7575
-2.023
-2.015
-1.859
-1.6735
-1.587
-1.51225
-1.4505
-1.3015
-1.3355
-1.4515
-1.4735
-1.5345
-1.5455
-1.16475
-1.3705
-1.41175
-1.3855
-1.31925
-1.14175
-1.231
-1.29725
-1.2195
-1.322
-1.4415
-1.354
-1.58175
-1.42175
-1.15275
-1.074
-1.196
-1.1765
-1.206
-1.254
-1.149
-1.38075
-1.3635
-1.4665
-0.7795
-1.09175
-1.04175
-0.823
-0.9227501
-0.9475001
-1.02875
-0.9572501
-1.1055
-1.2075
0.087
-0.7672501
-0.42675
-0.251
-0.27775
-0.563
-0.5100001
-0.78675
-0.651
-0.79975
-0.90725
-0.73425
0.03025
-0.00775
0.18325
0.2405
0.3165
0.17325
0.43225
0.43825
-0.00375
-0.15475
0.02125
0.066
0.10275
0.133
0.31825
0.534
0.8905001
0.7402501
0.9680001
0.9595001
0.79
0.7555
0.60725
0.3055
0.33575
0.36775
0.07725
0.417
0.5775
0.6415001
0.80775
0.59
0.483
0.52275
0.7185
0.4695
0.9165
1.1165
0.9075
0.77575
0.5825
0.703
0.7715001
0.6892501
0.78175
0.8175001
0.3655
0.45425
0.2785
0.08725
0.04375
0.684
0.516
0.0665
0.10225
-0.4885
-0.408
-0.42125
-0.1115
-0.2025
-0.00975
-0.0025
0.0525
-0.10125
0.07125
-0.02225
0.0825
0.282
0.29275
0.43925
0.3805
0.28175
0.51775
0.54375
0.23225
0.32075
0.525
0.84075
0.40425
0.75275
0.40375
0.4515
0.51275
0.144
0.2585
0.35675
0.23225
0.42875
0.55925
0.7685
0.63475
-0.1965
0.0605
0.262
-0.08275
-0.12075
-0.25125
-0.492
-0.5725001
-0.9192501
-0.4395
-0.31475
-0.472
-0.84325
-0.8477501
-0.388
-0.48075
-0.191
-0.3305
-0.157
-0.83675
-0.9070001
-0.58575
-0.358
-0.389
-0.62275
-0.57675
-0.53
0.04125
-0.03425
-0.209
0.0755
0.53925
0.22375
0.44875
0.4725
0.34175
0.39675
0.38725
0.5185
0.6335
0.76425
0.6795
0.71575
0.526
0.70425
0.84
0.648
0.29425
0.5825
0.70625
0.7870001
0.8395001
0.766
0.91075
0.77025
0.73325
0.723
0.6595
0.74525
0.9177501
1.2455
1.325
1.2145
1.08725
1.16525
1.23625
1.28725
1.18625
1.11125
1.20475
0.94375
0.65725
0.6795
0.9300001
0.86975
0.9037501
0.7812501
0.9625
0.717
0.8295
1.235
1.23575
1.272
1.136
1.1585
1.09375
1.23975
0.9990001
0.98975
1.03525
0.94175
0.79425
0.877
0.9350001
1.32575
1.61075
1.08125
1.34025
1.18025
1.02175
1.02225
0.8485
0.8085001
0.7945001
0.311
0.30075
0.20625
0.12475
-0.0635
-0.083
-0.12
0.23325
-0.17125
-0.088
-0.10375
0.063
-0.028
0.27575
-0.05075
0.107
0.13175
0.3575
0.50625
0.6455
0.6382501
0.7015001
0.232
0.039
0.03225
0.08525
0.13625
-0.076
0.07125
0.26425
0.36425
0.55175
0.43625
0.46475
0.36525
0.529
0.2775
0.2775
0.1165
0.2705
0.296
0.39575
0.28575
0.52575
0.3395
0.36975
0.4045
0.35775
0.14325
0.24225
0.20475
0.27975
0.25775
0.20125
0.35125
0.19875
0.183
0.1925
0.14525
0.16125
0.119
-0.35325
-0.23525
-0.30875
-0.279
-0.2635
-0.273
-0.07875
0.06375
0.06775
-0.2215
-0.65275
-0.74275
-0.35425
-0.38025
-0.8067501
-0.62025
-0.4215
-0.259
-0.14225
-0.141
-0.117
-0.08675
-0.0475
0.05125
0.11525
0.15675
0.03525
0.12775
0.13425
-0.20175
-0.04375
-0.24575
-0.251
-0.28825
-0.35225
-0.35125
-0.171
-0.19275
-0.154
-0.22475
-0.16525
-0.36825
-0.48925
-0.346
-0.30175
-0.21
-0.06125
0.01125
0.1535
-0.28725
-0.55375
-0.6435
-0.6472501
-0.4145
-0.407
-0.337
-0.40525
-0.53575
-0.45025
-0.377
-0.25575
-0.3745
-0.396
-0.49075
-0.222
-0.066
-0.3335
-0.17025
-0.161
-0.0235
-0.104
-0.18675
-0.19
-0.20225
-0.1895
-0.019
0.02175
-0.067
-0.10125
-0.107
-0.04725
-0.13375
-0.08875
-0.081
-0.08875
0.005
-0.02325
-0.02925
-0.14325
-0.11
-0.089
-0.129
-0.05875
-0.083
-0.1285
-0.13725
-0.0655
-0.19275
-0.11525
-0.08
-0.15225
-0.25175
-0.25975
-0.183
-0.26925
-0.15725
-0.12975
-0.16025
-0.2385
-0.49725
-0.162
-0.30975
-0.18
-0.3125
-0.29825
-0.23825
-0.32775
-0.301
-0.237
-0.27325
-0.03525
0.06825
0.14025
0.0835
0.23875
0.23075
0.143
0.1015
0.03325
0.10025
0.193
0.08475
0.04375
0.21825
0.03125
0.136
0.37825
0.209
0.2825
0.37275
0.12425
0.68
0.60875
0.276
0.34125
0.36225
0.3345
0.53075
0.56325
0.46425
0.87925
0.76625
0.8445001
1.11825
0.53525
1.0105
0.4925
1.77825
1.607
0.58225
0.8645
0.9195001
0.72425
0.7845001
0.748
0.45075
0.514
0.60725
1.31925
0.29625
1.216
0.59175
1.12125
1.17975
1.53975
0.3395
0.6390001
0.654
0.50325
0.45725
1.0
0.69025
0.90675
0.91
1.086
0.9375001
1.2075
1.1065
1.65025
0.14975
0.72025
1.08925
1.085
0.42875
1.2655
0.69875
0.536
0.59775
1.45725
0.00725
0.13
0.62775
-0.054
0.95275
-0.18325
0.32625
0.06425
0.50475
1.33425
0.51625
0.57275
0.44375
0.388
-0.04
0.539
0.50075
0.9855
1.12625
0.47475
1.2
0.42425
-0.49275
-0.33625
-0.55725
-0.442
-0.3405
0.08825
0.33025
0.26425
0.4195
0.478
2.15975
2.9725
1.946
2.10175
1.65825
1.3885
1.26225
0.3865
-0.197
0.32475
0.46425
0.61825
0.69375
0.8015
0.724
0.6265
0.6620001
0.6535
0.55575
0.494
0.1445
0.20225
0.1245
0.186
0.14175
0.13125
0.26025
-0.09225
-0.1385
0.7147501
1.106
1.313
1.61375
1.42825
0.88875
1.12825
1.61475
1.23825
2.251
2.3445
1.0055
1.1595
1.46625
1.86975
1.6875
1.76125
1.6595
1.0725
0.43325
1.1245
0.506
1.4915
1.774
1.832
1.82825
1.34375
1.419
1.82125
1.68825
0.9710001
0.98125
1.03275
0.6895
2.609
0.357
0.15825
1.85525
0.85725
0.3945
0.39675
1.97525
1.42425
1.28825
1.03725
0.2325
-0.1395
-0.28425
-0.077
-0.66075
-0.7582501
-0.78325
-0.19975
-0.16925
-0.34825
0.4535
1.00925
0.65725
1.14075
2.53925
1.775
2.1465
2.2655
1.80175
1.1865
1.236
1.85
-0.5975
0.30125
-0.096
0.6235
0.961
0.112
-0.39275
1.044
1.17125
0.90575
0.4465
0.2005
0.9170001
-0.37875
-0.93775
0.0715
0.591
-0.18975
-0.46625
-0.436
0.61
0.69125
0.85675
0.6185001
0.15275
0.15025
0.2235
0.013
0.8385
0.071
0.26675
0.47425
0.66075
0.655
0.551
0.684
-1.66025
0.448
0.29725
1.0395
0.0455
0.2395
0.835
0.88425
-0.31025
0.7325
0.6037501
-0.13675
-2.24275
-0.0645
0.04675
0.55375
1.49875
0.18125
0.62525
-0.1445
0.86375
-0.4105
1.16925
0.55925
0.2705
-0.846
0.4535
-0.6925001
-0.749
0.23725
-0.8650001
1.0535
1.11125
0.297
1.46925
0.83125
0.523
2.05475
2.03625
1.26125
1.236
0.636
0.24525
1.0235
0.8075001
1.345
0.605
0.458
0.40925
-0.021
0.469
1.5525
-0.38225
0.65025
-0.1215
0.575
-0.0475
-0.1785
-1.15575
0.10525
-0.16025
0.173
0.31625
0.022
-0.95
0.13825
0.82925
-0.4025
-1.35125
-1.179
-0.7360001
0.605
1.4055
0.63075
0.7325
-0.47525
-0.195
1.18125
1.07925
-0.21175
-0.204
0.10525
-0.07575
1.002
0.434
1.105
0.125
-0.0535
-1.00675
-1.03025
-0.8635001
-0.33525
-0.09225
-0.4315
-0.6405
-0.18975
-0.50275
-0.56525
0.326
0.27425
0.50025
0.33225
-0.444
-0.66475
0.427
0.021
-0.14925
-0.179
0.06575
-0.2845
0.2955
1.20025
0.5615
0.177
-0.1745
0.0655
0.2755
1.0515
-0.25825
-0.16925
-0.0215
-0.22375
-0.511
-0.255
-0.15775
-0.0805
-0.0065
0.7095
1.0025
0.9495
1.0195
1.11225
0.98575
0.831
0.41575
0.29675
0.56725
0.8397501
0.76175
0.6745
0.9677501
0.92625
1.0925
1.00975
0.9505001
1.0455
-0.16275
0.86725
0.8767501
-0.083
0.12975
0.668
0.3325
-0.60725
0.5255
0.459
-1.11625
-0.362
-0.22325
1.44225
-0.088
-0.3355
0.46725
0.694
-0.7755001
1.9255
-0.11375
-0.76675
-0.47225
0.2765
-0.7870001
-0.352
0.0635
-0.38325
-0.07025
0.14175
-0.01675
0.77275
0.54375
0.002
-0.91825
0.081
0.5455
0.12125
0.12325
0.3935
-0.08125
0.8832501
1.2595
0.009
0.24775
0.11825
0.15325
-0.02275
-0.224
0.5595
0.5755
-0.504
-0.252
-0.3075
-0.12875
-0.133
-0.073
0.01775
0.034
-0.045
-0.04475
-0.334
0.24875
0.5132501
0.367
0.119
0.065
0.152
0.11225
0.73475
0.2035
0.23475
-0.1585
-0.44425
0.1
0.61
-0.1635
-0.54375
-1.008
-0.164
-0.69425
-0.876
-0.8405001
-0.424
-0.59675
-0.5465
-1.23275
-0.5395
-0.2385
-0.1165
0.37275
-0.0865
-0.04025
0.0155
-0.243
-0.271
-0.1765
-0.01675
-0.04075
-0.13625
-0.13025
-0.0845
-0.185
-0.18625
-0.12925
0.05925
0.7275
-0.148
-0.086
-0.98975
-0.26125
-0.309
-0.763
-0.581
-0.72
-0.751
-0.8372501
-0.7590001
-0.9242501
-0.51775
-0.6817501
-0.62325
-0.42025
-0.599
-0.969
-0.62125
-0.766
-0.6357501
-0.65675
-0.9702501
-1.09125
-1.28875
-0.7952501
-0.992
-1.5045
-1.62475
-1.938
-1.87075
-1.75975
-1.812
-1.8015
-1.573
-1.68575
-1.68325
-1.5825
-1.40825
-1.0665
-0.55475
-0.79975
-0.7315
-0.5865
-0.94275
-0.6755
-1.05175
-0.68375
-0.34225
-0.4955
-0.9202501
-0.98875
-0.791
-0.7507501
-0.613
-0.46575
-0.1145
-0.144
0.1075
0.08825
-0.06825
-0.2985
-0.20325
-0.1645
0.199
0.3085
-0.11025
-0.308
-0.2505
-0.30075
-0.27475
-0.273
-0.9625
-1.00175
-0.9367501
-1.2785
-1.4015
-1.1355
-1.2425
-1.026
-1.401
-1.2465
-1.50075
-1.5415
-1.4865
-1.37
-1.3105
-1.37725
-1.3965
-1.3065
-1.228
-0.8980001
-1.10775
-1.158
-1.1545
-1.15325
-1.121
-1.1525
-1.1095
-1.27425
-1.06525
-0.6305
-0.634
-0.6015
-0.8512501
-0.863
-0.9165
-0.9770001
-0.61425
-0.87125
-0.78675
-0.66025
-1.211
-1.721
-0.83175
-0.669
-0.675
-0.61725
-0.6165
-0.8265001
-0.7355
-1.168
-1.14
-1.32125
-1.19475
-1.103
-1.251
-1.42625
-1.55875
-1.53725
-1.471
-1.431
-1.75025
-1.42475
-1.467
-1.3015
-1.26275
-1.1405
-1.00575
-0.993
-0.94025
-0.5545
-0.6305
-0.4245
-0.7805001
-0.32225
0.1365
0.19275
-0.1945
-0.422
-0.48175
0.1435
-0.155
-0.113
0.178
0.1595
-0.4995
0.377
0.6885
0.254
0.9160001
0.5105
0.46125
0.60875
0.6020001
0.803
0.50925
0.5247501
0.4315
0.64025
0.6345
0.54625
0.01575
1.318
0.711
0.91
1.48875
1.0115
0.9112501
0.8715
0.8017501
0.8280001
0.7295001
1.86375
1.76
2.21375
2.152
0.37825
1.1165
0.47775
2.09775
1.49775
0.39275
0.57775
0.94775
1.007
0.8995001
0.70625
1.91725
0.12975
1.2155
1.26925
0.58175
0.3985
1.0625
0.58025
0.27625
1.812
0.72
0.8387501
0.88775
-2.24575
1.514
0.36425
0.24425
0.154
0.51525
0.24625
0.22275
0.1175
0.9565001
0.26475
-0.941
1.32175
0.637
0.66
0.49475
0.39
0.90675
-0.707
0.50125
0.5735
2.6295
0.81025
0.35625
0.503
0.6425
1.47675
1.6355
0.52075
1.09975
1.113
0.9480001
0.65525
0.82375
-0.2225
1.74925
