126.80250000      37.60111111
126.80222220      37.59930000
126.79888890      37.59750000
126.79861110      37.59166667
126.80194440      37.58722222
126.79861110      37.58444444
126.79694440      37.58166667
126.79611110      37.58027778
126.79416670      37.57916667
126.79194440      37.57611111
126.78972220      37.57388889
126.78666670      37.57250000
126.78444440      37.57083333
126.78305560      37.56861111
126.78138890      37.56611111
126.77944440      37.56416667
126.77861110      37.56416667
126.77722220      37.56500000
126.77694440      37.56305556
126.77694440      37.56166667
126.77833330      37.56027778
126.77638890      37.55861111
126.77555560      37.55805556
126.77527780      37.55666667
126.77611110      37.55555556
126.77333330      37.55555556
126.76972220      37.55472222
126.76750000      37.55361111
126.76833330      37.55222222
126.76888890      37.55083333
126.76944440      37.54972222
126.77250000      37.54527778
126.77611110      37.54611111
126.78027780      37.54333333
126.78750000      37.54333333
126.79166670      37.54083333
126.79361110      37.53944444
126.79583330      37.53833333
126.79583330      37.53472222
126.79916670      37.53444444
126.80000000      37.53555556
126.80138890      37.53750000
126.80305560      37.53777778
126.80388890      37.53944444
126.80750000      37.54027778
126.80972220      37.54000000
126.81166670      37.53888889
126.81361110      37.53777778
126.81583330      37.53750000
126.82388890      37.53694444
126.82361110      37.53333333
126.82388890      37.53194444
126.82500000      37.53000000
126.82666670      37.52777778
126.82777780      37.52638889
126.82944440      37.52527778
126.82944440      37.52361111
126.82777780      37.52222222
126.82722220      37.52055556
126.82694440      37.51888889
126.82638890      37.51666667
126.82555560      37.51305556
126.82555560      37.51055556
126.82611110      37.50805556
126.82583330      37.50583333
126.82500000      37.50472222
126.82361110      37.50250000
126.82361110      37.50000000
126.82138890      37.49888889
126.82055560      37.49694444
126.81916670      37.49527778
126.81833330      37.49472222
126.81611110      37.49472222
126.81555560      37.49416667
126.81472220      37.49388889
126.81500000      37.49250000
126.81611110      37.49055556
126.82277780      37.48777778
126.82250000      37.48611111
126.82166670      37.48388889
126.82055560      37.48277778
126.82166670      37.48138889
126.82222220      37.47916667
126.82111110      37.47833333
126.82000000      37.47666667
126.81861110      37.47555556
126.81777780      37.47444444
126.81666670      37.47305556
126.81666670      37.47166667
126.81805560      37.47083333
126.81944440      37.47083333
126.82166670      37.47277778
126.82500000      37.47305556
126.82722220      37.47277778
126.82805560      37.47277778
126.82944440      37.47277778
126.83083330      37.47277778
126.83166670      37.47361111
126.83166670      37.47416667
126.83250000      37.47416667
126.83305560      37.47444444
126.83388890      37.47416667
126.83583330      37.47361111
126.83722220      37.47138889
126.83972220      37.47222222
126.84250000      37.47166667
126.84611110      37.47111111
126.84722220      37.47222222
126.84750000      37.47472222
126.84805560      37.47666667
126.84888890      37.47805556
126.84972220      37.47833333
126.85138890      37.47861111
126.85388890      37.47833333
126.85472220      37.47916667
126.85638890      37.48166667
126.85694440      37.48277778
126.85972220      37.48277778
126.86055560      37.48388889
126.85944440      37.48444444
126.86083330      37.48555556
126.86222220      37.48388889
126.86416670      37.48750000
126.86666670      37.48861111
126.86944440      37.49000000
126.87111110      37.49111111
126.87222220      37.48833333
126.87444440      37.48722222
126.87638890      37.48472222
126.87694440      37.48194444
126.87722220      37.48055556
126.87722220      37.47833333
126.87833330      37.47611111
126.87833330      37.47416667
126.87916670      37.47166667
126.88111110      37.46972222
126.88111110      37.46750000
126.88166670      37.46638889
126.88694440      37.46250000
126.88694440      37.46166667
126.88805560      37.46000000
126.88750000      37.45888889
126.88750000      37.45777778
126.88805560      37.45527778
126.88944440      37.45194444
126.89027780      37.45138889
126.89166670      37.45027778
126.89527780      37.44777778
126.89638890      37.44500000
126.89722220      37.44333333
126.89944440      37.44166667
126.90000000      37.43916667
126.90111110      37.43666667
126.90277780      37.43500000
126.90388890      37.43277778
126.90638890      37.43166667
126.91111110      37.43166667
126.91194440      37.43277778
126.91277780      37.43361111
126.91333330      37.43472222
126.91416670      37.43527778
126.91555560      37.43638889
126.91694440      37.43750000
126.92055560      37.43777778
126.92222220      37.44000000
126.92388890      37.44194444
126.92583330      37.44416667
126.92805560      37.44555556
126.92972220      37.44694444
126.93083330      37.44694444
126.93194440      37.44666667
126.93194440      37.44555556
126.93305560      37.44444444
126.93305560      37.44305556
126.93388890      37.44250000
126.93611110      37.44083333
126.93750000      37.44000000
126.93944440      37.43833333
126.93944440      37.43694444
126.94000000      37.43444444
126.94083330      37.43416667
126.94305560      37.43416667
126.94500000      37.43500000
126.94666670      37.43500000
126.94805560      37.43555556
126.94972220      37.43611111
126.95083330      37.43611111
126.95166670      37.43611111
126.95666670      37.43638889
126.95833330      37.43638889
126.96027780      37.43777778
126.96250000      37.43750000
126.96472220      37.43861111
126.96472220      37.44000000
126.96555560      37.44166667
126.96694440      37.44305556
126.96833330      37.44305556
126.96972220      37.44444444
126.97111110      37.44444444
126.97277780      37.44500000
126.97472220      37.44500000
126.97722220      37.44666667
126.97777780      37.44750000
126.98000000      37.44805556
126.98138890      37.44916667
126.98222220      37.45000000
126.98305560      37.45111111
126.98430000      37.45361111
126.98750000      37.45388889
126.98888890      37.45750000
126.99027780      37.45500000
126.99166670      37.45611111
126.99305560      37.45694444
126.99444440      37.45805556
126.99527780      37.45833333
126.99750000      37.45944444
126.99777780      37.46055556
126.99777780      37.46138889
126.99777780      37.46444444
127.00416670      37.46500000
127.00555560      37.46277778
127.00638890      37.46055556
127.00777780      37.45888889
127.00888890      37.45750000
127.00972220      37.45611111
127.01166670      37.45444444
127.01416670      37.45305556
127.01611110      37.45277778
127.01777780      37.45250000
127.01888890      37.45361111
127.01972220      37.45416667
127.02250000      37.45361111
127.02388890      37.45444444
127.02500000      37.45472222
127.02694440      37.45555556
127.02777780      37.45638889
127.02972220      37.45750000
127.03055560      37.45916667
127.03222220      37.46055556
127.03361110      37.46194444
127.03666670      37.46194444
127.03777780      37.46138889
127.03638890      37.46027778
127.03694440      37.45888889
127.03694440      37.45722222
127.03833330      37.45555556
127.03861110      37.45333333
127.03750000      37.45166667
127.03777780      37.44861111
127.03888890      37.44722222
127.03972220      37.44472222
127.03888890      37.44138889
127.03805560      37.43916667
127.03750000      37.43777778
127.03805560      37.43666667
127.03888890      37.43611111
127.04027780      37.43611111
127.04250000      37.43472222
127.04444440      37.43333333
127.04611110      37.43138889
127.04861110      37.43000000
127.04861110      37.42861111
127.05166670      37.42722222
127.05305560      37.42611111
127.05416670      37.42638889
127.05805560      37.42722222
127.05888890      37.42722222
127.06083330      37.42722222
127.06527780      37.42694444
127.06694440      37.42694444
127.07027780      37.42833333
127.07194440      37.42916667
127.07277780      37.43166667
127.07333330      37.43277778
127.07527780      37.43305556
127.07500000      37.43444444
127.07472220      37.43500000
127.07388890      37.43555556
127.07361110      37.43916667
127.07583330      37.43916667
127.07916670      37.43888889
127.08138890      37.43861111
127.08340000      37.43833333
127.08555560      37.44027778
127.08916670      37.44194444
127.09000000      37.44333333
127.09000000      37.44555556
127.09166670      37.44833333
127.09333330      37.45166667
127.09527780      37.45305556
127.09527780      37.45416667
127.09694440      37.45416667
127.09694440      37.45555556
127.09888890      37.45638889
127.10111110      37.45555556
127.10333330      37.45666667
127.10416670      37.45972222
127.10694440      37.46000000
127.10916670      37.45972222
127.11138890      37.45944444
127.11472220      37.45833333
127.11750000      37.45611111
127.11916670      37.45722222
127.12000000      37.45861111
127.12138890      37.46083333
127.12444440      37.46416667
127.12722220      37.46555556
127.13027780      37.46555556
127.13500000      37.46555556
127.13666670      37.46611111
127.13388890      37.46777778
127.13222220      37.46972222
127.12888890      37.47166667
127.13027780      37.47361111
127.13333330      37.47388889
127.13666670      37.47250000
127.13944440      37.47138889
127.14333330      37.47222222
127.14666670      37.47388889
127.15055560      37.47694444
127.15194440      37.48027778
127.15222220      37.48277778
127.15416670      37.48527778
127.15777780      37.48694444
127.16000000      37.48805556
127.16000000      37.49111111
127.16083330      37.49361111
127.16305560      37.49694444
127.16083330      37.49972222
127.15888890      37.49944444
127.15750000      37.50000000
127.15583330      37.50194444
127.15361110      37.50250000
127.15111110      37.50222222
127.14888890      37.50138889
127.14527780      37.50138889
127.14305560      37.50250000
127.14166670      37.50500000
127.14166670      37.50722222
127.14222220      37.50944444
127.14388890      37.51111111
127.14555560      37.51416667
127.14666670      37.51611111
127.14916670      37.51777778
127.15000000      37.52166667
127.15138890      37.52388889
127.15361110      37.52555556
127.15555560      37.52805556
127.15500000      37.53055556
127.15583330      37.53277778
127.15777780      37.53500000
127.16027780      37.53722222
127.16250000      37.54055556
127.16472220      37.54194444
127.16833330      37.54111111
127.17111110      37.54305556
127.17472220      37.54277778
127.17833330      37.54305556
127.17972220      37.54416667
127.18388890      37.54416667
127.18388890      37.54750000
127.18361110      37.55138889
127.18222220      37.55527778
127.18333330      37.55861111
127.18138890      37.56083333
127.18083330      37.56305556
127.18027780      37.56666667
127.17805560      37.57055556
127.17638890      37.57277778
127.17611110      37.57472222
127.17611110      37.57722222
127.17388890      37.57638889
127.17305560      37.57611111
127.17083330      37.57611111
127.16805560      37.57722222
127.16638890      37.57611111
127.16277780      37.57361111
127.15861110      37.57000000
127.15416670      37.56777778
127.15138890      37.56694444
127.14777780      37.56638889
127.14111110      37.56583333
127.13361110      37.56555556
127.13027780      37.56416667
127.12750000      37.56305556
127.12555560      37.56138889
127.12194440      37.55916667
127.11750000      37.55555556
127.11666670      37.55444444
127.11527780      37.55694444
127.11305560      37.55750000
127.11027780      37.55555556
127.10861110      37.55500000
127.10638890      37.55444444
127.10111110      37.55583333
127.10305560      37.55888889
127.10250000      37.55833333
127.10305560      37.56055556
127.10388890      37.56416667
127.10527780      37.56666667
127.10555560      37.56805556
127.10388890      37.57000000
127.10277780      37.57055556
127.10277780      37.57222222
127.10416670      37.57472222
127.10555560      37.57694444
127.10583330      37.57805556
127.10694440      37.57861111
127.11055560      37.58000000
127.11083330      37.58194444
127.11138890      37.58472222
127.11166670      37.58583333
127.11500000      37.58944444
127.11666670      37.59055556
127.11972220      37.59166667
127.11750000      37.59472222
127.11611110      37.59666667
127.11694440      37.59861111
127.11750000      37.60000000
127.11916670      37.60222222
127.12055560      37.60388889
127.11916670      37.60583333
127.11861110      37.60888889
127.11916670      37.61444444
127.11583330      37.61694444
127.11194440      37.61833333
127.10722220      37.61833333
127.10555560      37.61861111
127.10583330      37.62083333
127.10722220      37.62277778
127.10805560      37.62472222
127.11027780      37.62694444
127.11250000      37.62916667
127.11361110      37.63250000
127.11166670      37.63388889
127.11305560      37.63666667
127.11305560      37.63916667
127.11166670      37.64083333
127.10972220      37.64138889
127.10611110      37.64305556
127.10194440      37.64277778
127.09940000      37.64194444
127.09694440      37.64194444
127.09527780      37.64416667
127.09416670      37.64611111
127.09472220      37.64888889
127.09500000      37.65027778
127.09361110      37.65250000
127.09333330      37.65527778
127.09416670      37.65750000
127.09638890      37.66055556
127.09583330      37.66305556
127.09722220      37.66694444
127.09666670      37.67055556
127.09527780      37.67305556
127.09388890      37.67472222
127.09388890      37.67694444
127.09472220      37.67916667
127.09777780      37.68305556
127.09750000      37.68500000
127.09500000      37.68666667
127.09250000      37.68694444
127.08833330      37.68694444
127.08638890      37.68888889
127.08472220      37.69138889
127.08416670      37.69277778
127.08277780      37.69416667
127.08138890      37.69388889
127.08000000      37.69333333
127.07777780      37.69305556
127.07694440      37.69305556
127.07472220      37.69166667
127.07138890      37.69083333
127.06833330      37.69194444
127.06555560      37.69222222
127.06333330      37.69111111
127.06250000      37.68888889
127.06055560      37.68777778
127.05916670      37.68694444
127.05750000      37.68638889
127.05444440      37.68527778
127.05250000      37.68472222
127.05194440      37.68805556
127.05111110      37.69000000
127.04916670      37.69166667
127.04750000      37.69055556
127.04555560      37.69166667
127.04333330      37.69222222
127.04166670      37.69111111
127.03916670      37.69027778
127.03666670      37.68944444
127.03444440      37.68944444
127.03305560      37.69083333
127.03194440      37.69222222
127.03194440      37.69333333
127.03138890      37.69500000
127.03138890      37.69638889
127.03055560      37.69750000
127.02916670      37.69777778
127.02777780      37.69750000
127.02611110      37.69694444
127.02500000      37.69694444
127.02333330      37.69694444
127.02194440      37.69777778
127.01833330      37.69805556
127.01750000      37.69805556
127.01638890      37.69694444
127.01611110      37.69555556
127.01527780      37.69555556
127.01333330      37.69555556
127.01194440      37.69361111
127.01027780      37.69194444
127.00972220      37.68972222
127.00972220      37.68611111
127.01000000      37.68166667
127.00750000      37.68194444
127.00666670      37.68250000
127.00527780      37.68194444
127.00388890      37.68083333
127.00277780      37.68138889
127.00027780      37.68166667
126.99916670      37.68138889
126.99805560      37.67972222
126.99583330      37.67916667
126.99416670      37.67722222
126.99361110      37.67500000
126.99416670      37.67305556
126.99472220      37.66972222
126.99500000      37.66722222
126.99472220      37.66472222
126.99472220      37.66222222
126.99388890      37.66138889
126.99250000      37.66138889
126.99027780      37.66111111
126.98888890      37.66027778
126.98750000      37.65833333
126.98611110      37.65638889
126.98500000      37.65555556
126.98222220      37.65361111
126.98138890      37.65166667
126.98277780      37.64944444
126.98555560      37.64666667
126.98555560      37.64555556
126.98583330      37.64361111
126.98472220      37.64027778
126.98555560      37.63861111
126.98694440      37.63777778
126.98750000      37.63638889
126.98611110      37.63472222
126.98472220      37.63361111
126.98194440      37.63055556
126.97944440      37.63027778
126.97694440      37.62833333
126.97611110      37.62805556
126.97388890      37.62944444
126.97194440      37.63083333
126.97055560      37.63388889
126.96972220      37.63666667
126.96777780      37.63888889
126.96611110      37.64000000
126.96361110      37.64194444
126.96194440      37.64555556
126.96000000      37.64777778
126.95861110      37.64944444
126.95694440      37.65111111
126.95444440      37.65194444
126.95166670      37.65305556
126.94916670      37.65527778
126.94777780      37.65583333
126.94638890      37.65527778
126.94361110      37.65444444
126.94083330      37.65250000
126.93861110      37.65000000
126.93777780      37.64833333
126.93416670      37.64730000
126.93250000      37.64638889
126.93055560      37.64500000
126.92777780      37.64500000
126.92527780      37.64305556
126.92388890      37.64305556
126.92166670      37.64305556
126.92027780      37.64277778
126.91888890      37.64222222
126.91611110      37.64194444
126.91333330      37.64277778
126.91166670      37.64250000
126.91111110      37.64055556
126.91166670      37.63833333
126.91222220      37.63611111
126.91222220      37.63333333
126.91138890      37.63138889
126.90944440      37.63000000
126.90861110      37.62805556
126.91000000      37.62555556
126.90972220      37.62305556
126.90777780      37.62166667
126.90777780      37.61888889
126.90638890      37.61666667
126.90555560      37.61472222
126.90388890      37.61333333
126.90305560      37.61055556
126.90305560      37.60833333
126.90361110      37.60583333
126.90361110      37.60277778
126.90361110      37.60111111
126.90222220      37.59972222
126.90277780      37.59750000
126.90333330      37.59472222
126.90277780      37.59305556
126.90222220      37.59166667
126.90055560      37.59000000
126.90138890      37.58777778
126.90055560      37.58666667
126.89916670      37.58638889
126.89666670      37.58583333
126.89388890      37.58583333
126.89055560      37.58611111
126.88805560      37.58611111
126.88777780      37.58916667
126.88888890      37.59083333
126.88638890      37.59055556
126.88472220      37.58888889
126.88250000      37.58694444
126.88166670      37.58527778
126.88083330      37.58361111
126.87944440      37.58222222
126.87861110      37.57861111
126.87805560      37.57694444
126.87416670      37.57583333
126.86777780      37.57472222
126.86444440      37.57416667
126.86138890      37.57305556
126.85694440      37.57222222
126.85138890      37.57388889
126.84861110      37.57416667
126.84472220      37.57611111
126.83861110      37.57861111
126.83222220      37.58250000
126.83000000      37.58388889
126.82722220      37.58472222
126.82222220      37.58916667
126.81666670      37.59277778
126.81250000      37.59666667
126.80944440      37.59944444
126.80694440      37.60166667
126.80527780      37.60222222
126.80305560      37.60138889
